ID,Predict
a26055,0
a18825,1
a24690,1
a06418,0
a07195,0
a04819,0
a26043,0
a29497,0
a31001,0
a03901,0
a01452,0
a19768,0
a03691,0
a07768,0
a31270,0
a15834,0
a20373,0
a27548,0
a05872,0
a28885,0
a00282,0
a26414,0
a30650,0
a28029,0
a26172,0
a04313,0
a25542,0
a27497,0
a29110,0
a19340,0
a30414,0
a30345,0
a19157,0
a30975,1
a30097,0
a30085,0
a16656,0
a00639,1
a29099,0
a06581,0
a29921,0
a27365,0
a02783,0
a03727,1
a24208,0
a23932,0
a11675,0
a01728,0
a30056,0
a27842,0
a05643,0
a06307,0
a30076,0
a06586,0
a18010,0
a01218,1
a08958,0
a12584,0
a00316,1
a03253,0
a01485,0
a08087,0
a02814,0
a05464,0
a24427,0
a24421,0
a02650,0
a08525,0
a01235,0
a01878,0
a11271,0
a09459,0
a18974,0
a23232,0
a27270,0
a13795,0
a10564,0
a03927,1
a01252,0
a07066,0
a19715,0
a13476,0
a30607,0
a03385,0
a26530,0
a10563,0
a14068,0
a29585,0
a11768,0
a20204,0
a31024,0
a28429,0
a28640,0
a22580,0
a09478,0
a12825,0
a18476,0
a23079,0
a22536,0
a21050,1
a27527,1
a02301,0
a26697,0
a26576,0
a07738,0
a15099,0
a08061,0
a04713,1
a22652,0
a15777,0
a27140,0
a09788,0
a07730,0
a01994,0
a27912,0
a04262,1
a17151,0
a05538,0
a29545,0
a13792,0
a18249,0
a17619,0
a09336,0
a01045,0
a17018,0
a09427,0
a29928,0
a28789,0
a29594,0
a18111,0
a07720,0
a00313,0
a15177,0
a11006,0
a26878,0
a01000,0
a23946,0
a21538,0
a28778,0
a26767,0
a18070,0
a20490,0
a14098,0
a09306,0
a11101,1
a15118,0
a05617,0
a17701,0
a27233,0
a27769,0
a20555,1
a01846,0
a07123,0
a13647,0
a05209,0
a12188,0
a18977,0
a17223,0
a28171,0
a10206,0
a10481,0
a19995,0
a16413,0
a16792,0
a07801,0
a26413,0
a08299,0
a15314,0
a28724,0
a26924,0
a29655,0
a18892,0
a22221,0
a02894,0
a20512,0
a15759,0
a25998,0
a06107,0
a14657,0
a04550,0
a30023,0
a18300,0
a08065,0
a23850,0
a12576,0
a10709,0
a14499,1
a18370,0
a24484,0
a17979,0
a08865,0
a21769,0
a06966,0
a23356,0
a15709,0
a04249,0
a19871,0
a21168,0
a21475,0
a28422,0
a30707,0
a09274,0
a10220,0
a09581,0
a19084,0
a16147,0
a07579,0
a18705,0
a06557,0
a19017,0
a28273,0
a22380,0
a22345,0
a05115,0
a11469,0
a25022,0
a09061,0
a02757,0
a14967,0
a24811,0
a20399,0
a21934,0
a28371,0
a09408,0
a21348,0
a19868,0
a28602,0
a16341,0
a04458,1
a30275,0
a04952,0
a11597,0
a25737,0
a02689,0
a02772,1
a03031,0
a30468,0
a12282,0
a03073,0
a24973,0
a15315,0
a12718,0
a16276,0
a12222,0
a13721,0
a28969,0
a16340,0
a12711,0
a26415,0
a11832,0
a11169,0
a23023,0
a08474,0
a23614,0
a03824,0
a19239,0
a30866,0
a26180,1
a04991,0
a12992,0
a18515,0
a11907,0
a27897,0
a09024,0
a30208,0
a22375,0
a04547,0
a00516,1
a18837,1
a20872,0
a12706,0
a21049,0
a08627,0
a25315,0
a06712,0
a03058,0
a15675,0
a14523,0
a02921,0
a08881,0
a27899,1
a14875,1
a05682,0
a01225,0
a22882,0
a15374,0
a19564,1
a19408,0
a24253,1
a26789,0
a28258,0
a19166,1
a15057,0
a17879,0
a26666,0
a03674,0
a10988,0
a02208,0
a02205,0
a10876,0
a28964,0
a01348,0
a12322,0
a16614,0
a12440,0
a26471,0
a19566,0
a28902,0
a28578,0
a29058,0
a06344,0
a08012,0
a30287,0
a03982,0
a06909,0
a04056,0
a24503,0
a12592,0
a10905,1
a01977,0
a11583,0
a29043,0
a14753,0
a28650,1
a20919,0
a16027,0
a19494,0
a26442,0
a05654,0
a01807,1
a12493,0
a09146,0
a00676,1
a20034,0
a25184,0
a00203,0
a07861,0
a18032,0
a10405,0
a15713,0
a14177,0
a01651,0
a02148,0
a27266,0
a21801,0
a15560,0
a25299,0
a01739,0
a23911,0
a01457,0
a03864,0
a28356,0
a19099,0
a00816,0
a11858,0
a18007,0
a29479,0
a17090,0
a17728,0
a21171,0
a13880,0
a05486,0
a04780,0
a04359,0
a25318,0
a20654,0
a18819,0
a00870,0
a04565,0
a20780,0
a06410,0
a14916,0
a27984,0
a06953,1
a21826,0
a03699,1
a06571,0
a01266,0
a14278,1
a23743,0
a16004,0
a13992,0
a20148,0
a08592,0
a07719,0
a19679,0
a02716,0
a08515,0
a11195,0
a20717,0
a04176,0
a27783,1
a28924,0
a11487,0
a27565,0
a18771,0
a15427,0
a10824,0
a17265,0
a18308,0
a30575,0
a10339,0
a12421,0
a01572,0
a04334,1
a19837,0
a30887,0
a06221,0
a30558,0
a28240,0
a21597,1
a30268,0
a04469,0
a05943,0
a04379,0
a08874,0
a04266,0
a02198,1
a01410,0
a16447,0
a10742,0
a08994,0
a04541,0
a12274,0
a11327,0
a29204,0
a28023,0
a23120,0
a17053,0
a20952,0
a01992,0
a03396,0
a12744,0
a14316,0
a04427,1
a06430,0
a28375,1
a05772,0
a18244,0
a18727,0
a12206,0
a12058,0
a10335,1
a05031,0
a28989,1
a26993,0
a12035,0
a21321,1
a10239,0
a04466,0
a11948,0
a07655,0
a17745,0
a13343,0
a10517,0
a24565,0
a28283,1
a26805,0
a29473,0
a15678,0
a30248,0
a20590,0
a26888,0
a24963,0
a08595,0
a10409,0
a10285,0
a14267,0
a12450,0
a15865,0
a13429,0
a17056,0
a01292,0
a23726,0
a26171,0
a01458,0
a16979,0
a15665,0
a19551,0
a04670,0
a00973,0
a14602,0
a26812,0
a03200,0
a01154,0
a01085,0
a27206,1
a30917,0
a30382,0
a20028,0
a12896,0
a02095,0
a16572,0
a01076,0
a06501,0
a25989,0
a15693,0
a13141,0
a29273,0
a30291,0
a01742,0
a30872,0
a02620,0
a24226,0
a00095,0
a08693,0
a12485,0
a30574,0
a12298,0
a20110,0
a05044,0
a21601,0
a24652,0
a06403,0
a06949,0
a14035,0
a23018,0
a06311,0
a17112,0
a02834,0
a03513,0
a25482,0
a05040,0
a13369,0
a15774,0
a24221,0
a02280,0
a01425,0
a05843,0
a09979,1
a03437,1
a14099,0
a08761,0
a11877,0
a15891,0
a02641,0
a03378,0
a24033,0
a01768,0
a25280,0
a30858,0
a28020,0
a23813,0
a18706,0
a11011,0
a27532,0
a30312,0
a28247,0
a06667,0
a14252,0
a05406,0
a28393,1
a10340,0
a19073,0
a29064,0
a06195,0
a27005,0
a25198,0
a13813,0
a04151,0
a05940,0
a04495,0
a08435,0
a25970,0
a18704,0
a26356,0
a29774,1
a26560,0
a14819,0
a27145,0
a27308,0
a00703,0
a15144,0
a07225,0
a11027,0
a18186,0
a07260,0
a18980,0
a21879,0
a14217,0
a27241,0
a23108,0
a23623,0
a03531,0
a28111,0
a14965,0
a29382,1
a05709,0
a06741,0
a17588,0
a08933,0
a06478,0
a21973,0
a17231,0
a24034,0
a06392,0
a16503,0
a13613,0
a30305,0
a06960,0
a06890,0
a08944,0
a01486,0
a27638,0
a02545,0
a00459,0
a31111,0
a26534,0
a19222,0
a08551,0
a10427,0
a16367,0
a10229,0
a13547,0
a26678,0
a00857,0
a23829,0
a26369,0
a18543,0
a13645,0
a02122,0
a13281,0
a27803,0
a25118,0
a30092,0
a28121,0
a06225,0
a29218,0
a27575,0
a22682,0
a08764,0
a00159,0
a06975,0
a16765,0
a24558,0
a05421,0
a02395,0
a03292,0
a18118,0
a00483,0
a21692,0
a07343,0
a02812,0
a19674,0
a12573,0
a03933,0
a00248,0
a27649,0
a31446,0
a18944,0
a28082,0
a29380,0
a00555,0
a22201,0
a06250,0
a11479,0
a15471,0
a07274,0
a20175,0
a24141,0
a26502,0
a26099,0
a06112,0
a23369,0
a20168,0
a04569,0
a00386,0
a02581,0
a28701,0
a20395,0
a08905,0
a14344,0
a10346,0
a17436,0
a00417,0
a29764,0
a20450,0
a26954,0
a31214,0
a20349,0
a17731,0
a23100,0
a13837,1
a24955,0
a22839,0
a29428,0
a09718,0
a06705,0
a07421,0
a15516,0
a09822,0
a01244,1
a26601,0
a07237,0
a20436,0
a16856,0
a01163,0
a02404,0
a26778,0
a05877,0
a12566,0
a20226,0
a13774,0
a24596,0
a25588,0
a07248,0
a13894,0
a07089,0
a02147,0
a11634,0
a27435,0
a18899,0
a05973,0
a05840,1
a23935,0
a13295,0
a20980,0
a03862,0
a13227,0
a00927,1
a03676,0
a12476,0
a26019,0
a26600,0
a25763,0
a12972,0
a29765,0
a22843,0
a02215,1
a00268,1
a20331,0
a23541,0
a18031,0
a26716,0
a19653,1
a09043,0
a24179,0
a13485,0
a24422,0
a06631,0
a31328,0
a03540,0
a30562,0
a25755,0
a22279,0
a23769,0
a10056,0
a05324,0
a05925,0
a29751,0
a04793,0
a11509,0
a20036,0
a19602,0
a09375,0
a14310,1
a22157,0
a15763,0
a16752,0
a24247,0
a13481,0
a06938,0
a13638,0
a25178,0
a14790,0
a20985,0
a08601,0
a20294,0
a22806,0
a29363,0
a11186,1
a22147,0
a28827,0
a27692,0
a25894,0
a02614,1
a07699,0
a24187,0
a26965,0
a10679,0
a25524,0
a25037,0
a22067,0
a26330,0
a06148,0
a06117,0
a18035,0
a17830,0
a24435,0
a18078,0
a20410,0
a12698,0
a22854,0
a02503,0
a03739,0
a27304,0
a21559,0
a06833,0
a20181,0
a26692,0
a16187,0
a28425,0
a19855,0
a21858,0
a29229,0
a21895,0
a19406,0
a22737,0
a26652,0
a28831,1
a04446,0
a27406,1
a08516,0
a28794,0
a01262,0
a21731,0
a26365,1
a05108,0
a03211,0
a01724,0
a18943,0
a10171,0
a26086,0
a09239,0
a19423,0
a28035,0
a29817,0
a03604,0
a26845,0
a14687,0
a17759,0
a01220,0
a00829,0
a27761,0
a20563,0
a28765,0
a19392,0
a08188,0
a00649,0
a14830,0
a03413,0
a10218,0
a02560,0
a27551,1
a23529,0
a00853,0
a30143,0
a31310,0
a24698,0
a06994,0
a07495,0
a03857,0
a18328,0
a23470,0
a19902,0
a09611,0
a22492,0
a12320,1
a04543,1
a15871,1
a27508,0
a30864,0
a08355,0
a23027,0
a25644,0
a26346,0
a15949,1
a22014,0
a21246,0
a16950,0
a00069,0
a02186,0
a03791,0
a09096,0
a17122,0
a17636,0
a16281,0
a17875,0
a20799,0
a22657,0
a29837,0
a02737,0
a21944,0
a16402,0
a12419,0
a31146,0
a20526,0
a18824,0
a02584,0
a10091,1
a13194,0
a18342,0
a23207,0
a17772,0
a25295,0
a13347,0
a28806,0
a14330,0
a25579,0
a01276,0
a20698,0
a16965,0
a24531,0
a13922,0
a16855,0
a31406,0
a13513,0
a18688,0
a08660,0
a00922,0
a18369,0
a24707,0
a15857,0
a30761,0
a06931,0
a29721,0
a25242,0
a30854,0
a08158,0
a26582,0
a19095,0
a30660,0
a28492,0
a00283,0
a04803,0
a15341,0
a06424,0
a17296,0
a15989,0
a20121,0
a10233,0
a06428,0
a30735,0
a21902,0
a06269,0
a19813,0
a20477,0
a27162,0
a16236,0
a16574,0
a02124,0
a21643,0
a18901,0
a22908,0
a08225,0
a01910,0
a17493,0
a06134,0
a18044,0
a24465,0
a20917,0
a09203,0
a16974,0
a20730,0
a13057,0
a11758,0
a08936,0
a11903,0
a04507,0
a23209,0
a22673,0
a16878,0
a05644,0
a08816,1
a08373,0
a18736,0
a22435,0
a00165,0
a15367,0
a18539,1
a07591,0
a23034,0
a22103,0
a21843,0
a17301,0
a20005,0
a08491,0
a01063,0
a15686,0
a22033,0
a15023,0
a06281,0
a20748,0
a26881,0
a29533,0
a09768,0
a20837,0
a20007,0
a18113,0
a19279,0
a11278,0
a07038,0
a23966,0
a01077,0
a05797,0
a19278,0
a30228,0
a10289,0
a15246,0
a12143,0
a13250,1
a28137,0
a26355,0
a03053,0
a20803,0
a17204,0
a31399,0
a22051,1
a09361,0
a31261,0
a25922,0
a16804,0
a06335,0
a26887,0
a29165,0
a31407,0
a16984,1
a17120,0
a17488,0
a03595,0
a12365,0
a29619,0
a02445,0
a08888,1
a29215,0
a29524,0
a24469,0
a11879,0
a09179,0
a21860,0
a01006,0
a16446,0
a00825,0
a14541,0
a19789,0
a10595,0
a26609,0
a21047,0
a22259,0
a07269,0
a27228,0
a25619,0
a29205,0
a16467,0
a12049,1
a14954,0
a20329,1
a09141,0
a20006,0
a04112,0
a24870,0
a07108,0
a13891,1
a25397,0
a29267,1
a20375,0
a03343,0
a17072,0
a25142,0
a00830,0
a00264,0
a02915,0
a20484,0
a01462,0
a19608,0
a16200,0
a12738,0
a29450,0
a24351,0
a18596,0
a14446,0
a30786,0
a16294,0
a25279,0
a30570,0
a16083,1
a05575,0
a19169,0
a29246,0
a22198,1
a20385,0
a21821,1
a23345,0
a18231,0
a05542,0
a09402,0
a05880,0
a15947,0
a25437,0
a09364,0
a15440,0
a08165,0
a15923,0
a15223,0
a21546,1
a07838,0
a12266,0
a22912,0
a17910,0
a05088,0
a20873,0
a14475,0
a00034,0
a16389,0
a07018,0
a21485,0
a03849,0
a09240,0
a04405,0
a27589,0
a13063,0
a01672,0
a09588,0
a00355,0
a04980,0
a23885,1
a14135,0
a07145,0
a11622,0
a11061,0
a17737,0
a30289,0
a01840,0
a12334,0
a07974,0
a16073,1
a20732,0
a00461,0
a24206,0
a13015,0
a20759,0
a24105,0
a14065,0
a13884,0
a03787,0
a31012,0
a13989,1
a02992,1
a14494,0
a21097,0
a24734,0
a30969,0
a16135,0
a07517,0
a22403,0
a02889,0
a09627,0
a08353,0
a02225,0
a20701,0
a01351,0
a12937,0
a06090,0
a28742,0
a22525,1
a26444,1
a11150,0
a25837,0
a12381,1
a27713,0
a28870,0
a12805,0
a22860,0
a31295,0
a07590,0
a11797,0
a23078,0
a06969,0
a26466,0
a24139,0
a15011,0
a22687,0
a05578,0
a04934,0
a26476,0
a23314,0
a03244,0
a06673,0
a04500,0
a22102,0
a16361,0
a13649,0
a12671,0
a29820,0
a31417,0
a02389,0
a28481,0
a30220,0
a25790,0
a06517,0
a00427,0
a05717,0
a18724,0
a16033,0
a17754,0
a22325,0
a13492,0
a20335,0
a19128,0
a01279,0
a22944,0
a11790,0
a30157,0
a20970,0
a08700,0
a18313,1
a26135,0
a29299,0
a14945,0
a13173,0
a03408,0
a17213,0
a08828,0
a04746,0
a10165,0
a03235,0
a22543,0
a14137,0
a19971,0
a13412,0
a23571,0
a27074,1
a24725,0
a25670,0
a05838,0
a12957,0
a25264,0
a16699,0
a01555,0
a25844,0
a30775,0
a08389,0
a19346,1
a25100,0
a18405,0
a23164,0
a22333,0
a21526,0
a16687,0
a11853,0
a26384,0
a18008,0
a20735,0
a09342,0
a23384,0
a03017,0
a29183,0
a09668,0
a10103,1
a20370,0
a16695,0
a14370,0
a26982,0
a00916,0
a00874,0
a06100,0
a28818,0
a30235,0
a15136,0
a19040,0
a29051,0
a07186,0
a03095,0
a18896,0
a10463,0
a10996,0
a07916,0
a16180,0
a07418,0
a20451,0
a01890,0
a08879,0
a16554,0
a27820,0
a22614,0
a19469,0
a00656,0
a19431,0
a23737,1
a28475,0
a26125,0
a11066,0
a15028,0
a07635,0
a15342,0
a04874,0
a25796,1
a09023,0
a15182,0
a26525,0
a16013,0
a06545,0
a13052,0
a00998,0
a03911,0
a12790,1
a17328,0
a29081,0
a17244,0
a21322,0
a31405,1
a08722,0
a22246,0
a05143,0
a16450,0
a03605,0
a25657,0
a31333,0
a29999,1
a18781,0
a21838,0
a24408,0
a29420,0
a02815,0
a24517,0
a25865,0
a14601,0
a24203,1
a05970,0
a28644,0
a11099,1
a01819,0
a01035,0
a15164,0
a10685,0
a05675,0
a10889,1
a08105,1
a00321,0
a30860,0
a28304,0
a09196,0
a23495,0
a08482,0
a24555,0
a07826,0
a06547,0
a03811,1
a22799,0
a19120,0
a16774,0
a13725,0
a13561,1
a30310,0
a26014,0
a11244,0
a18336,0
a25095,1
a11812,0
a21618,0
a30048,0
a24553,0
a26958,0
a22653,0
a03908,0
a10728,0
a07769,0
a19476,0
a18234,0
a15829,0
a09428,0
a25533,0
a01123,0
a03734,0
a10640,0
a15566,0
a05311,0
a31197,0
a30612,0
a27916,0
a29413,0
a25028,0
a25045,0
a00610,0
a07039,0
a00754,0
a19028,0
a29947,0
a09853,0
a30026,0
a22608,0
a27410,0
a12737,0
a22736,0
a09841,0
a04669,0
a17391,0
a30149,0
a11502,0
a11210,0
a03367,0
a18891,0
a01187,0
a17753,0
a12935,0
a02254,0
a23000,0
a12819,0
a29752,0
a02920,0
a15797,0
a29622,0
a28320,0
a03030,1
a04141,0
a17858,0
a21616,0
a09068,0
a17805,0
a05218,0
a05327,0
a15639,0
a00093,1
a05785,0
a13832,1
a16948,0
a06158,0
a27209,0
a06436,0
a02934,0
a11699,0
a27050,0
a22724,0
a26710,0
a27421,0
a18434,0
a26720,0
a29920,0
a31498,0
a21484,0
a09256,0
a27078,1
a20990,0
a06624,0
a19764,0
a04155,0
a17694,0
a16128,0
a18731,0
a01640,0
a18491,1
a01707,0
a22547,0
a19586,0
a25067,0
a07936,0
a11835,0
a23208,0
a26325,0
a30958,1
a26298,0
a14678,0
a02842,0
a28543,0
a25046,0
a04627,0
a27512,1
a06513,0
a16349,0
a11426,1
a27626,0
a04152,0
a00749,0
a22593,0
a30102,0
a27847,0
a20681,0
a24511,0
a25171,0
a24758,0
a02605,0
a01147,0
a27196,0
a07875,0
a14348,0
a06259,1
a20521,0
a02171,0
a26645,1
a12644,0
a20284,0
a27079,0
a29715,0
a10373,0
a08915,0
a17325,1
a30491,0
a28682,1
a21213,0
a12001,0
a12475,0
a18408,0
a03230,0
a12516,0
a22381,0
a23761,0
a02936,0
a01806,0
a15509,0
a02249,1
a19935,0
a01505,0
a29897,0
a10730,0
a22797,0
a02518,0
a04463,0
a09649,0
a12771,0
a15960,0
a07166,0
a08463,0
a09162,1
a25380,0
a11356,0
a23673,0
a01009,0
a31438,0
a09216,0
a04662,0
a04570,0
a07565,0
a20491,1
a01941,0
a17592,0
a22507,0
a19021,0
a14076,0
a27016,0
a26231,0
a09415,0
a14375,0
a07456,0
a30412,0
a18747,0
a21702,0
a23936,0
a30546,0
a11039,0
a25711,0
a00498,0
a24274,0
a25643,0
a09660,0
a01287,0
a21917,0
a00815,0
a18691,0
a13143,0
a12243,0
a14188,0
a01265,0
a16803,0
a20029,0
a06040,0
a13423,0
a18462,0
a23823,0
a22512,0
a22193,0
a19388,0
a24502,0
a18523,0
a15373,0
a24368,0
a29906,1
a14998,0
a30286,0
a06553,0
a14983,0
a20299,1
a02778,0
a30174,0
a24265,0
a08725,0
a21384,0
a04483,1
a11410,0
a18022,0
a19447,0
a25860,0
a14659,0
a29773,0
a02315,0
a19202,0
a28972,0
a22059,0
a15044,0
a11442,0
a15638,0
a23594,0
a11363,0
a16193,1
a30446,0
a27420,0
a14019,0
a12735,0
a17314,0
a27773,0
a08714,0
a26152,0
a11046,0
a18050,0
a10632,0
a20834,0
a24780,0
a16060,0
a08664,0
a08011,0
a14902,0
a07480,0
a06910,0
a20292,0
a08902,0
a09545,0
a30012,0
a23680,0
a00064,0
a02878,0
a22032,0
a20196,0
a25696,0
a16852,0
a10438,0
a25120,0
a23890,0
a15814,0
a07654,0
a09396,0
a05300,1
a03821,0
a20051,0
a26626,0
a08498,0
a00460,0
a04836,0
a18881,0
a10692,0
a23860,0
a30973,0
a17379,0
a21249,0
a13967,0
a04533,0
a14919,0
a28911,0
a24851,0
a02917,0
a17268,0
a27906,0
a27851,0
a17115,0
a25879,0
a21144,0
a24719,0
a12557,0
a00688,0
a09766,0
a05248,1
a25205,0
a11132,0
a09109,0
a10753,0
a21710,0
a30124,0
a18437,0
a21987,0
a07829,0
a21082,0
a23517,0
a19204,0
a06159,0
a27506,0
a28252,0
a27974,0
a31264,0
a02732,1
a31487,1
a26340,0
a04429,0
a24448,0
a26111,0
a12650,0
a30842,0
a04652,0
a04248,0
a08546,0
a27914,0
a05353,0
a03468,0
a22409,0
a29832,0
a21048,0
a27915,0
a17016,0
a11059,0
a29809,0
a20577,0
a03302,0
a29848,0
a03966,0
a10552,0
a30768,0
a07910,0
a05554,1
a17403,0
a21789,0
a22568,0
a27796,0
a26649,0
a15741,0
a30754,0
a29860,0
a23795,0
a10991,0
a03688,0
a00175,0
a07650,0
a27202,0
a30701,0
a09349,1
a10791,1
a29877,0
a20830,0
a08824,0
a23554,0
a01559,0
a27710,0
a20260,0
a07129,0
a13201,0
a17331,0
a03547,0
a16806,0
a08821,0
a11997,0
a29025,0
a08416,0
a26860,0
a02174,0
a25725,0
a20126,0
a22997,0
a04485,0
a26132,0
a31019,0
a21007,0
a31169,0
a05363,0
a20549,0
a27292,0
a10367,0
a13437,1
a08320,0
a26510,0
a26218,0
a12265,0
a29499,0
a15548,0
a10386,0
a31403,0
a31488,0
a22745,0
a14728,0
a17748,0
a08144,0
a26286,0
a11309,0
a14895,0
a28214,0
a20466,1
a30307,1
a04927,0
a28006,0
a18855,0
a15993,0
a03257,0
a04917,0
a04914,1
a26752,0
a21402,0
a14803,1
a13636,0
a29919,0
a29098,0
a25026,0
a16021,0
a01954,0
a01682,0
a09817,0
a23475,0
a15959,0
a17611,0
a15508,0
a28237,1
a18678,0
a28353,0
a26375,0
a16302,0
a07664,0
a02839,0
a23821,0
a21443,0
a08576,0
a09220,0
a13184,0
a15383,0
a14222,0
a29539,0
a13924,0
a22058,0
a08689,0
a26998,0
a20090,0
a16067,0
a23892,0
a21277,0
a14743,0
a06851,0
a14155,0
a18143,1
a15528,0
a19435,0
a14652,0
a21915,0
a16891,0
a31099,0
a21261,0
a16968,0
a17456,0
a29120,0
a03728,1
a21519,0
a24761,0
a09928,0
a25700,0
a08465,0
a02128,0
a11347,0
a03388,0
a30378,0
a05734,0
a23974,0
a20163,0
a06445,0
a09421,0
a06657,0
a05392,0
a08369,0
a08481,0
a09587,0
a27181,0
a07437,1
a08439,0
a30356,0
a28980,0
a21988,0
a28785,0
a15479,0
a20495,0
a13294,0
a19578,0
a23380,0
a06323,0
a16573,0
a21463,0
a23279,0
a12108,0
a24315,0
a25102,0
a16198,0
a30351,0
a30229,0
a12920,0
a21358,0
a26723,1
a13176,0
a17440,0
a08931,0
a08796,0
a05727,0
a17587,0
a18761,0
a03803,0
a05393,0
a13421,0
a18441,0
a21151,0
a16267,0
a27530,0
a19677,0
a01685,0
a03615,0
a11996,0
a29370,0
a12174,0
a06891,0
a10146,0
a02554,0
a22213,0
a12360,0
a17209,0
a00556,0
a00299,0
a31396,0
a17134,0
a01703,0
a03242,0
a28936,0
a15897,0
a09135,0
a20025,0
a22666,0
a08180,0
a00819,0
a08773,0
a11167,0
a13222,0
a25172,0
a05526,0
a04102,0
a15527,0
a04357,0
a06591,0
a18773,0
a00897,0
a28861,0
a07285,0
a31082,0
a12024,0
a08751,1
a06928,1
a18862,1
a11762,0
a21607,0
a02881,0
a25065,0
a06098,0
a30234,0
a01102,0
a27098,0
a21655,0
a09690,0
a26278,0
a06450,0
a08336,0
a25898,0
a10589,0
a04185,1
a01525,0
a30704,0
a02831,0
a08040,0
a00933,0
a07206,0
a30673,0
a26090,1
a11273,0
a17457,0
a15242,0
a21553,0
a00605,0
a27662,0
a11310,0
a10255,0
a26439,1
a05768,0
a20000,0
a10956,0
a02840,0
a11440,0
a03156,0
a14546,0
a15074,0
a25259,0
a10079,0
a03724,0
a27031,0
a04486,0
a05202,0
a21878,1
a29241,0
a10138,0
a28142,0
a09560,0
a27582,1
a05064,0
a08835,0
a26884,0
a13819,0
a18908,0
a11859,0
a18152,0
a15157,0
a05883,0
a24981,1
a18503,1
a17880,0
a19693,0
a09930,0
a08414,0
a17967,0
a17362,0
a01561,0
a28824,0
a11678,0
a24562,1
a17670,0
a03267,0
a30622,0
a04963,0
a20457,0
a17105,0
a22267,0
a28840,0
a09974,0
a11311,0
a25227,0
a26829,0
a15346,0
a22622,0
a09628,0
a10539,0
a21518,0
a01563,0
a18687,0
a01857,0
a02803,0
a18710,1
a06810,0
a06422,0
a14434,0
a08728,0
a00231,0
a26142,0
a25563,0
a09695,0
a01093,0
a00535,0
a29280,0
a17267,0
a20473,0
a01709,0
a06598,0
a24504,0
a17298,0
a17272,0
a22812,0
a22436,0
a12447,0
a30718,0
a16901,0
a07071,0
a20911,0
a16521,0
a11423,0
a10035,0
a27235,0
a09026,0
a20089,0
a15455,0
a13322,0
a04609,0
a04618,0
a14206,0
a22379,0
a17129,0
a27611,0
a20033,0
a28493,0
a30802,0
a06770,0
a25956,0
a30710,0
a03399,0
a20449,0
a17516,1
a04267,0
a11536,0
a00613,0
a28474,0
a01299,0
a09012,0
a25329,0
a03383,0
a21638,0
a28442,0
a05513,0
a03250,0
a13346,0
a09315,0
a01319,0
a09854,0
a27032,0
a12227,0
a24666,0
a10274,0
a30631,0
a16526,0
a06970,0
a12769,0
a07499,0
a11232,0
a19611,0
a01981,0
a14879,0
a11550,0
a26366,0
a17233,0
a25433,0
a25631,0
a14691,0
a11021,0
a27251,0
a28904,0
a25122,0
a21997,0
a14679,0
a17294,0
a26842,0
a23851,0
a07992,0
a04640,0
a01398,0
a11893,0
a14709,0
a10983,0
a25408,0
a29560,0
a04693,1
a27622,0
a01377,0
a01040,0
a27602,0
a08455,0
a16377,0
a11922,0
a13808,0
a18415,0
a27958,0
a05418,0
a18058,0
a22939,0
a22470,1
a28747,0
a15729,0
a01733,1
a30826,0
a02300,0
a23477,0
a11038,0
a16918,0
a17602,0
a19439,0
a09501,0
a04211,0
a24442,0
a06340,0
a11119,0
a13947,0
a24064,0
a19568,0
a28377,0
a09353,0
a07681,0
a00588,0
a09429,0
a22386,0
a25633,0
a08607,0
a12369,0
a10737,0
a12025,0
a27262,0
a11623,1
a25149,0
a01101,0
a00583,0
a30135,0
a19554,0
a07561,0
a12786,0
a03106,0
a24407,0
a25398,0
a28510,0
a03967,0
a16373,0
a28863,0
a24246,0
a10050,0
a12287,0
a15723,0
a18774,0
a30492,0
a16998,0
a07814,0
a20710,0
a19374,0
a24816,0
a09570,0
a12610,1
a17870,0
a22562,0
a31301,0
a25732,0
a14867,0
a11149,0
a25609,0
a22354,0
a22235,0
a11080,0
a17368,0
a16876,0
a05133,1
a23240,1
a28923,0
a21775,0
a13751,0
a02479,0
a12199,0
a09323,0
a01219,1
a20012,0
a15180,0
a04800,0
a17345,0
a29719,0
a10361,0
a16592,0
a03951,0
a09907,0
a00265,0
a21365,0
a17443,0
a28341,0
a03339,0
a06299,0
a09833,1
a05985,0
a15806,0
a18830,0
a03566,0
a30477,0
a26808,0
a09580,0
a03853,0
a26297,0
a01951,0
a14021,0
a23725,0
a14890,0
a04294,1
a10966,0
a07138,1
a01426,0
a23241,0
a12366,0
a24291,0
a03412,0
a04021,0
a18274,0
a13438,0
a29835,0
a02149,0
a18878,0
a29238,0
a00629,1
a11343,0
a23186,0
a14452,0
a25599,0
a08258,1
a25538,0
a24920,0
a31339,0
a27760,0
a04300,0
a23703,0
a03838,0
a30874,0
a11180,0
a24018,1
a05902,0
a11745,0
a09632,0
a01255,0
a24260,0
a21756,1
a15883,0
a20015,0
a16578,0
a00361,0
a08697,0
a04464,0
a05546,0
a13696,0
a03430,0
a19733,0
a06534,0
a23222,0
a20622,1
a13239,0
a11551,0
a26687,0
a00484,0
a15831,0
a20809,0
a25051,0
a09737,0
a28348,1
a25130,0
a12579,0
a19954,0
a26329,0
a01752,0
a12159,0
a28113,0
a23205,0
a02698,0
a14315,0
a28392,0
a27208,0
a00991,0
a21135,0
a15300,0
a21271,0
a31460,0
a04943,0
a10598,0
a09493,0
a25414,1
a00504,0
a28256,0
a14703,0
a12218,0
a28842,0
a08578,0
a00772,0
a12226,0
a30572,0
a29638,0
a27988,0
a13877,0
a03922,0
a19331,0
a16117,0
a14964,0
a07114,0
a03656,0
a22683,0
a26422,0
a28883,0
a03863,0
a20768,0
a20256,0
a28330,0
a29311,0
a14039,0
a15336,0
a08079,0
a14398,0
a29540,0
a01428,0
a27397,0
a24165,0
a16954,0
a26952,1
a13732,0
a19985,0
a11987,0
a16432,0
a02489,0
a12352,0
a29766,0
a29167,0
a24785,0
a21094,0
a24090,0
a26917,0
a29803,0
a04743,1
a23093,0
a14591,0
a29325,1
a24768,0
a03877,0
a10964,0
a00782,0
a04293,0
a10783,0
a09102,0
a07341,1
a24159,0
a18906,0
a16861,0
a08968,0
a16495,0
a03525,1
a12325,1
a20156,0
a17634,0
a26664,0
a25136,0
a01343,0
a08262,0
a22619,0
a16857,0
a01671,0
a28267,1
a23274,0
a25163,0
a16184,0
a09249,0
a17763,0
a19367,0
a28591,0
a05161,0
a14507,0
a22530,0
a28752,0
a15257,0
a20270,0
a28427,0
a02098,0
a25852,0
a03011,0
a30440,0
a02824,0
a24085,0
a16022,0
a04174,0
a18890,0
a12747,0
a20420,0
a16459,0
a23038,1
a14347,0
a17819,0
a22412,0
a14549,0
a07292,0
a06752,1
a13213,0
a16506,0
a27558,0
a30130,1
a26597,0
a13309,0
a08887,0
a03805,0
a17995,0
a16945,0
a09178,1
a15771,0
a08999,0
a08524,0
a03225,0
a10725,0
a25785,0
a04571,0
a02270,0
a18991,0
a03541,0
a03720,1
a30817,0
a12518,0
a22099,0
a17024,0
a10630,0
a02715,0
a17504,0
a11389,0
a21938,0
a12444,0
a30811,0
a24387,0
a03049,0
a20891,0
a31173,0
a09356,0
a07410,0
a12773,0
a12683,1
a07941,0
a27641,0
a26545,0
a30840,0
a23929,0
a11362,0
a15976,0
a16839,0
a18311,0
a17935,0
a26371,0
a28326,0
a09485,0
a11679,0
a04649,0
a25761,0
a16778,0
a00260,0
a04830,0
a18863,0
a25578,0
a22552,0
a24459,0
a28119,1
a03619,0
a11895,0
a17918,1
a12279,0
a16700,1
a17215,0
a07616,0
a00723,0
a30216,0
a24753,0
a25478,0
a23565,0
a24956,0
a22108,0
a03562,0
a09095,0
a12173,0
a19585,0
a12319,0
a12855,0
a20285,0
a22130,0
a04109,0
a24140,0
a01227,0
a11521,0
a22026,0
a26947,0
a01094,0
a02402,0
a28311,0
a31034,0
a11865,0
a04291,0
a04539,0
a30791,0
a19464,0
a30611,0
a26646,0
a04728,0
a02617,0
a02349,0
a07707,0
a03627,0
a12869,1
a19386,1
a04467,0
a28615,0
a13088,0
a27943,0
a24912,0
a22211,0
a08688,0
a23937,0
a28376,0
a11157,0
a01396,0
a00221,0
a14642,1
a09961,0
a18904,0
a28487,0
a16996,0
a28394,1
a05098,0
a12355,1
a04694,0
a06961,0
a16698,0
a23291,0
a16309,0
a00878,0
a26989,0
a21033,0
a23664,0
a11750,0
a06469,0
a11725,0
a18000,0
a01716,0
a19612,1
a23815,0
a20824,1
a19520,0
a07029,0
a11023,0
a01696,0
a00473,0
a01349,1
a25908,0
a16708,0
a17845,0
a22754,0
a18211,0
a05593,1
a17774,0
a07845,0
a24545,1
a27247,0
a24883,0
a26996,0
a02712,0
a31286,0
a03044,0
a14840,0
a01139,0
a28711,0
a26725,0
a25929,0
a30934,0
a01626,0
a15153,0
a08648,1
a02081,0
a26760,0
a20874,0
a12469,0
a14976,0
a07219,0
a11931,0
a03212,0
a14548,0
a16217,0
a20185,0
a02513,0
a20348,0
a14575,0
a02594,0
a29015,0
a02841,0
a06411,0
a31087,1
a24998,0
a15619,0
a09697,0
a30666,0
a17886,0
a03216,0
a15134,0
a12572,0
a17711,0
a11405,0
a28276,0
a08593,0
a15030,0
a26151,0
a31181,0
a04228,0
a05462,0
a20158,0
a04013,0
a22931,1
a07280,0
a24834,0
a27637,0
a20409,0
a07080,0
a01550,0
a08753,0
a00041,0
a16694,0
a12732,0
a29584,0
a08995,0
a10132,0
a09298,0
a08574,0
a00315,0
a05514,0
a18179,0
a25210,0
a23700,0
a28169,0
a18882,0
a28641,0
a24568,0
a26208,1
a09675,0
a19970,0
a02504,0
a12422,0
a13159,0
a02150,0
a00027,0
a09144,1
a26191,1
a28815,0
a00056,0
a20991,1
a10385,0
a17078,0
a22978,1
a27333,0
a09398,0
a27541,0
a17657,0
a29480,0
a08387,0
a07178,0
a27216,0
a23118,0
a05149,0
a26341,0
a28651,0
a28966,0
a21300,1
a12996,0
a16223,0
a26368,0
a24757,0
a27174,0
a16368,1
a27155,0
a24339,0
a18168,0
a17170,0
a21894,0
a23941,0
a04812,0
a09369,0
a19313,0
a11077,0
a07168,0
a25376,0
a08981,1
a00742,0
a26660,0
a06702,0
a30145,0
a18822,0
a12078,1
a28646,0
a25166,1
a23994,0
a19696,0
a29471,0
a22456,0
a15050,0
a18681,0
a06483,0
a20820,0
a22761,0
a21004,0
a18241,0
a09351,0
a22973,0
a12915,0
a20231,0
a25792,0
a03167,0
a04511,0
a11547,0
a19488,0
a14637,0
a00661,1
a30332,1
a03598,0
a09480,1
a16097,0
a07863,0
a02903,0
a16266,0
a00709,0
a05707,0
a22836,0
a19966,0
a26912,0
a01195,0
a05119,0
a13341,0
a08696,0
a21657,0
a02230,0
a03433,0
a06760,0
a20831,0
a24017,0
a28721,1
a28872,0
a04003,0
a07398,0
a06462,0
a25899,0
a20746,0
a13993,0
a19857,0
a13853,0
a04766,0
a27475,0
a13862,0
a07933,0
a05811,0
a14352,0
a29741,0
a19475,0
a15557,0
a04594,0
a30006,0
a24204,0
a06745,0
a26879,0
a18627,1
a19948,0
a24766,0
a09550,0
a19761,0
a15877,0
a08589,0
a19161,0
a06608,0
a14629,0
a18145,0
a07756,0
a05152,0
a09097,0
a18439,0
a11303,0
a09243,0
a20371,0
a25963,0
a08162,0
a27844,0
a04538,0
a02701,0
a12877,0
a07294,0
a26975,0
a23286,0
a28040,0
a25219,0
a13624,0
a17923,0
a18961,0
a30301,0
a01400,0
a01744,0
a31118,0
a19317,0
a01720,0
a19384,0
a30657,0
a20686,0
a24491,0
a03939,0
a28768,0
a09058,0
a00357,1
a19841,0
a27385,0
a15835,0
a25449,0
a18911,0
a02697,0
a20655,1
a20434,0
a21389,0
a22889,0
a09591,0
a19090,0
a17025,0
a10774,0
a24450,0
a27964,0
a18341,0
a02131,0
a27449,0
a18549,0
a08308,0
a16314,0
a11722,0
a24059,1
a17067,0
a30109,0
a18923,0
a29331,0
a20190,0
a03222,0
a12625,1
a30948,0
a21689,0
a00040,0
a30713,0
a15938,0
a16415,0
a21346,0
a07060,0
a29320,0
a07885,0
a10678,0
a20487,0
a03133,0
a02863,0
a04341,0
a11151,0
a25399,0
a24479,0
a09397,1
a01488,0
a22441,0
a13734,0
a25135,0
a24650,0
a05915,0
a01043,0
a22813,0
a04004,0
a20585,0
a15481,0
a29399,0
a23152,0
a20083,0
a16189,0
a08866,0
a14144,0
a12240,1
a09084,0
a16542,0
a02728,0
a30871,0
a02856,0
a26907,0
a05901,0
a08741,0
a18223,0
a19542,0
a07213,0
a20112,0
a21200,0
a19081,0
a25654,0
a22782,0
a00804,1
a10815,0
a01500,0
a20312,0
a11770,0
a25883,0
a22098,0
a16229,0
a10251,0
a07500,0
a00018,0
a30595,0
a15165,1
a19185,1
a12999,0
a23339,0
a01510,0
a04739,0
a14780,0
a01189,0
a08282,0
a00255,0
a07969,0
a04945,0
a15052,0
a18199,0
a02625,0
a06535,0
a19443,0
a12983,0
a00645,0
a13261,0
a12106,0
a19705,0
a28976,0
a14402,0
a03873,0
a28179,0
a27948,0
a19015,0
a19560,1
a23711,0
a30564,0
a13077,0
a29816,0
a07484,0
a09885,0
a00976,0
a09112,1
a02243,0
a11458,0
a05524,0
a01036,0
a29802,0
a13963,0
a08990,0
a14115,0
a18628,0
a25180,0
a19260,0
a21853,0
a00694,0
a29348,0
a16514,0
a29070,0
a29194,0
a23934,0
a02909,0
a11453,0
a15530,0
a28705,0
a12326,0
a29114,0
a04301,0
a28745,0
a05340,0
a20541,0
a09157,0
a25697,0
a04910,0
a07124,0
a09919,0
a05505,0
a30977,0
a02660,0
a25880,0
a08337,0
a23024,0
a16764,0
a19375,0
a17359,0
a22081,0
a30764,0
a29973,0
a00341,0
a21305,0
a14641,0
a22126,0
a23473,0
a10532,0
a07132,0
a25031,0
a08755,0
a19342,0
a03783,0
a09316,1
a20603,0
a20178,0
a25765,0
a20180,0
a11257,0
a09072,0
a29494,0
a06675,0
a02160,0
a22785,0
a06301,0
a14355,0
a30594,0
a07073,0
a19322,1
a00486,0
a18538,0
a02769,0
a16584,0
a20948,0
a26026,0
a25321,0
a15732,0
a09014,0
a04346,0
a09985,0
a15817,0
a05261,1
a17810,0
a02638,0
a13895,0
a31389,0
a14876,0
a24554,0
a21984,0
a12731,0
a31184,0
a00351,0
a01834,0
a29779,0
a06165,0
a30418,0
a17848,0
a27034,0
a09080,1
a05364,0
a27010,0
a05211,0
a13955,0
a17247,0
a26511,0
a00480,0
a08702,0
a30529,0
a08325,0
a02596,0
a13327,0
a21965,0
a22859,0
a24062,0
a28151,1
a15285,0
a27663,0
a15419,0
a30976,0
a05444,0
a07288,0
a26641,1
a30252,1
a01120,1
a09724,0
a17308,0
a24897,0
a25519,1
a07921,0
a30828,0
a19994,0
a13652,0
a28293,0
a17522,0
a05355,0
a18362,0
a15914,1
a16905,0
a21505,0
a07305,0
a18783,0
a11414,0
a07468,0
a20296,0
a09727,0
a25902,0
a28962,1
a27445,0
a03874,0
a29388,0
a23464,0
a03565,0
a10745,0
a25536,0
a28446,0
a19505,0
a11676,0
a08558,0
a13330,0
a14915,0
a28758,0
a27705,0
a27088,0
a13921,0
a06709,0
a05187,0
a22539,0
a00289,0
a20790,0
a16676,0
a01419,0
a28832,0
a26563,0
a03105,0
a22725,0
a24346,0
a01775,0
a09548,0
a31239,0
a21153,0
a27105,0
a21885,0
a12315,0
a25029,0
a28057,0
a19383,1
a12431,0
a29685,0
a04058,0
a05550,0
a20604,0
a12933,0
a04430,0
a20200,0
a20548,0
a21404,0
a10382,0
a04764,0
a10088,0
a18266,0
a11815,0
a14828,0
a07109,1
a10696,1
a20492,0
a14918,0
a10826,0
a14157,1
a27329,0
a25777,0
a20014,0
a16821,0
a08972,0
a08677,0
a06599,0
a27293,0
a01233,0
a12429,0
a26923,0
a01824,0
a21366,0
a26435,0
a23923,0
a08441,0
a11913,0
a31216,0
a05016,0
a31293,0
a26097,0
a13001,0
a02687,0
a11719,0
a26358,0
a16986,0
a02455,0
a05206,0
a28135,0
a06609,1
a14562,0
a04777,0
a26469,0
a06650,0
a03987,0
a08271,0
a06647,0
a11808,0
a24224,0
a05573,1
a00458,0
a13137,0
a14171,1
a07945,0
a04327,0
a21837,0
a28951,0
a21679,0
a29239,0
a21267,0
a11824,0
a23125,0
a11766,0
a25438,0
a01113,1
a17082,0
a28417,0
a25217,0
a12107,0
a29387,0
a07862,0
a07892,0
a28036,0
a26249,0
a08293,0
a14848,0
a30900,0
a12241,0
a08273,0
a02339,0
a02049,0
a25767,1
a23334,0
a07117,0
a06212,0
a07064,0
a08940,0
a26382,0
a07795,0
a13747,0
a03509,0
a01271,0
a23005,0
a02537,0
a19277,0
a28739,0
a18200,0
a13183,0
a29984,0
a21157,0
a30319,0
a03478,0
a10015,0
a02092,0
a04894,0
a15094,0
a22538,0
a24086,0
a23869,0
a28037,0
a22289,0
a01817,0
a07669,0
a04806,1
a27019,0
a02900,0
a17387,0
a07822,0
a26239,0
a03047,0
a12978,0
a00531,0
a13710,0
a02933,0
a03334,0
a21235,0
a16813,0
a25608,0
a13212,0
a27465,0
a17429,0
a24787,0
a19519,1
a04671,0
a09248,0
a01809,0
a20979,0
a08932,1
a30645,0
a23080,0
a20199,0
a05799,0
a15824,0
a20974,0
a08078,0
a03293,0
a07272,0
a15776,0
a06395,0
a11415,0
a14258,0
a23792,0
a27381,1
a27367,0
a01390,1
a17180,0
a05964,0
a17369,0
a06207,0
a00317,0
a01512,0
a26580,0
a31345,0
a04973,0
a14921,0
a31322,0
a03769,1
a19394,0
a27618,0
a05001,0
a16611,0
a21651,0
a02796,0
a15983,0
a29157,0
a25957,0
a27947,0
a00334,0
a20338,0
a16096,0
a25153,0
a13029,0
a13520,1
a00775,0
a26289,0
a21806,0
a05290,0
a27667,0
a22021,0
a27738,0
a30647,0
a08260,0
a00050,0
a11130,0
a05509,0
a21092,0
a11306,0
a08649,0
a27590,1
a08242,0
a26605,0
a07966,0
a28567,0
a23486,0
a17664,0
a19220,0
a13999,0
a16496,0
a23441,0
a06441,0
a05523,0
a12560,0
a23731,0
a10641,0
a27765,0
a15913,0
a29242,0
a06440,0
a27167,0
a22272,0
a28235,0
a01296,0
a27557,0
a08565,0
a18615,0
a02688,0
a30714,0
a29851,0
a15464,0
a03136,0
a01011,0
a14025,0
a03431,0
a14912,0
a29672,1
a20936,0
a15398,0
a21163,0
a06842,0
a20844,0
a27489,0
a02859,0
a00199,0
a08274,0
a02227,0
a04258,0
a10688,0
a11951,0
a23244,0
a28741,0
a00561,0
a26339,0
a01748,0
a20486,0
a13263,0
a02367,0
a05362,0
a27825,0
a24894,1
a09941,0
a13655,0
a09339,0
a25592,0
a05309,0
a19137,0
a06461,0
a03178,0
a20964,0
a22493,0
a23960,0
a30925,0
a08942,0
a29573,0
a14757,0
a05688,0
a21209,0
a30158,0
a16234,0
a12520,0
a15791,0
a12498,0
a03472,0
a01881,0
a18411,0
a04269,0
a08840,0
a13607,0
a17395,0
a18088,0
a14036,0
a17482,1
a14969,0
a23899,0
a24464,0
a13868,0
a27938,0
a10364,0
a03652,0
a19538,0
a15456,0
a23579,0
a17196,0
a03084,0
a15150,0
a10202,0
a18390,0
a05296,0
a23213,0
a25312,0
a10682,0
a31330,0
a04657,0
a25543,0
a08667,0
a08568,0
a06555,0
a15333,0
a04794,0
a10007,0
a24867,0
a03503,0
a03330,0
a06873,0
a06864,0
a15476,0
a21493,0
a19547,0
a02344,0
a23396,0
a26671,0
a26245,0
a00046,1
a21116,0
a09073,0
a15907,0
a26920,1
a15742,0
a24741,1
a09696,0
a06419,0
a00496,0
a10344,0
a20906,0
a09917,0
a26797,0
a27331,0
a25886,0
a00698,0
a04647,0
a00395,0
a10049,0
a11525,0
a28853,1
a12033,0
a27045,1
a05138,0
a09527,0
a11969,0
a20644,0
a25500,0
a30478,0
a14535,0
a19299,0
a27099,0
a26412,1
a19428,0
a21802,0
a18349,0
a01190,0
a28516,1
a02526,0
a26327,0
a02896,0
a02436,0
a23423,0
a24797,0
a09204,0
a17330,0
a29206,0
a06029,1
a30904,0
a09343,0
a00618,0
a14077,1
a14693,0
a15761,0
a04035,0
a12089,1
a12967,0
a27284,0
a24374,1
a10258,0
a12589,0
a09739,0
a05012,0
a22795,1
a03888,0
a31447,0
a04540,0
a24451,0
a09987,0
a05891,0
a10012,0
a07303,0
a10213,0
a27864,0
a15583,0
a12052,0
a02237,0
a29833,0
a15247,0
a14221,0
a18553,1
a02103,0
a13920,1
a20902,0
a01409,0
a08090,0
a11462,0
a07728,0
a27147,0
a12651,1
a02836,0
a07676,0
a30045,0
a28032,0
a08016,0
a12670,0
a12156,1
a27619,0
a28132,0
a21278,1
a12157,0
a07512,0
a15228,0
a29660,0
a10674,0
a15804,0
a05490,0
a20691,0
a12461,0
a26143,0
a20333,0
a24029,0
a10461,0
a15058,0
a09085,0
a03306,0
a01887,0
a28469,0
a14759,0
a17253,0
a20219,0
a30703,0
a08480,0
a18348,0
a19026,0
a06468,0
a17542,0
a23096,0
a15273,0
a19833,0
a10647,1
a28039,0
a06805,0
a16403,0
a00342,0
a18548,0
a13162,0
a14815,1
a29354,0
a16753,0
a02332,0
a23336,0
a27001,1
a11637,0
a12464,0
a00770,0
a02902,0
a05452,0
a20225,0
a22382,0
a06210,0
a10760,0
a23300,0
a14265,0
a15735,1
a08284,0
a10021,0
a20302,0
a22763,0
a06357,0
a22943,0
a12679,0
a25365,0
a27478,0
a19506,1
a19351,0
a21073,0
a22900,0
a30105,0
a16048,1
a03256,0
a04232,0
a06330,0
a10198,0
a16640,0
a02997,0
a23590,0
a11391,0
a06062,0
a00329,0
a18428,0
a19770,0
a18665,1
a18797,0
a14184,0
a27294,0
a08121,0
a00013,0
a12580,0
a26336,0
a22120,0
a05442,0
a00792,0
a23859,0
a17576,0
a02312,0
a15805,0
a00023,0
a21454,0
a15849,0
a30630,0
a21333,0
a02734,0
a12940,0
a26185,0
a25668,0
a28748,0
a13325,0
a16356,0
a18864,0
a24175,0
a23271,0
a09089,0
a17804,1
a12842,0
a01776,0
a08485,0
a15858,0
a00416,0
a30632,0
a30832,0
a09799,0
a15662,0
a16824,0
a13104,0
a07550,0
a16988,0
a13781,0
a02657,0
a29078,0
a04353,0
a02139,0
a19030,0
a04813,0
a09661,0
a18664,0
a13912,1
a05885,0
a22648,0
a03573,0
a27666,0
a01516,1
a03625,0
a00514,0
a00848,0
a28986,1
a19089,0
a27921,0
a23250,0
a06813,0
a12194,0
a14791,0
a19926,0
a19687,0
a07414,1
a30207,0
a14930,0
a28817,0
a23147,0
a28967,0
a09763,0
a01173,0
a23628,0
a22885,0
a27411,0
a04621,0
a15271,0
a16577,0
a09296,0
a25073,0
a28139,0
a17643,0
a23037,0
a25096,0
a00080,0
a14525,0
a15102,0
a17697,1
a30276,0
a23160,0
a09090,0
a03576,0
a04438,0
a06066,0
a26314,0
a18472,0
a01022,0
a02848,0
a03574,1
a25572,0
a07615,0
a02484,0
a18005,0
a04916,0
a26250,0
a12720,0
a12489,0
a12121,0
a19192,0
a05703,0
a13835,0
a25501,1
a26638,0
a03978,0
a13204,0
a08487,0
a26737,0
a11411,0
a11682,1
a25983,0
a10846,0
a14870,0
a13785,1
a25375,0
a14346,0
a23843,0
a24419,0
a08673,0
a03544,0
a30644,0
a26791,0
a02261,0
a08771,0
a13010,0
a16431,0
a13385,0
a28808,0
a04751,0
a17381,0
a12316,0
a16994,0
a21173,0
a13155,1
a30664,0
a12628,0
a26244,0
a22777,0
a14042,0
a29084,0
a22713,0
a10499,0
a06036,0
a25474,0
a29873,0
a08964,0
a01701,0
a04656,0
a26890,0
a04460,0
a17295,0
a25706,0
a18071,0
a17386,0
a19276,0
a01967,0
a12719,1
a00882,0
a24911,0
a07173,0
a25049,0
a29208,0
a27370,0
a09827,0
a00009,0
a27542,0
a31294,0
a09182,0
a22644,0
a10765,0
a22446,0
a14774,0
a15445,0
a04329,0
a16728,0
a18099,0
a16055,0
a10926,0
a07037,0
a03923,0
a25692,0
a24775,0
a13810,0
a19311,0
a14497,0
a00517,0
a18302,0
a28610,0
a00303,0
a02031,0
a27267,0
a09692,0
a02125,1
a00716,0
a30088,0
a15345,0
a09959,1
a30142,0
a14289,0
a19734,0
a24344,0
a27350,0
a07518,0
a19385,0
a06080,0
a22945,0
a28668,0
a12140,0
a20266,0
a08118,0
a10835,0
a22240,0
a05504,0
a17889,0
a08918,0
a01664,0
a02530,0
a19018,0
a21445,0
a05479,1
a11523,0
a27061,0
a30742,0
a10477,0
a11018,0
a18188,0
a23419,0
a04679,0
a00448,0
a00135,0
a03375,0
a22689,0
a15421,0
a10163,0
a04527,0
a06160,0
a09439,0
a12397,0
a24567,0
a14311,0
a16502,0
a07302,0
a10210,0
a21701,0
a17084,0
a15335,0
a23014,0
a14619,0
a03056,0
a10497,0
a29048,0
a22788,0
a26997,0
a00005,0
a20404,0
a10626,0
a21483,0
a18877,0
a09765,0
a30385,1
a03094,0
a16259,0
a01660,0
a31078,0
a12811,0
a23499,0
a29664,0
a07981,0
a21351,0
a14755,0
a15608,0
a19219,0
a06092,0
a20572,0
a11176,0
a13527,0
a26112,0
a03962,0
a02601,1
a04938,1
a27302,0
a21534,0
a31159,0
a14187,0
a07509,0
a08304,0
a05928,0
a13367,0
a22243,0
a15468,0
a19571,0
a26979,0
a20250,0
a04305,0
a15624,0
a22718,0
a11779,0
a31093,0
a19109,0
a23216,1
a12927,1
a19757,0
a13570,1
a08853,0
a21608,0
a24892,0
a08377,0
a15467,0
a24220,0
a19587,0
a28189,0
a31449,0
a23067,1
a09265,0
a22418,1
a27576,0
a01464,0
a27870,0
a11161,0
a16352,0
a27335,0
a10657,1
a14615,0
a12128,1
a10998,0
a18831,0
a25101,0
a13844,0
a27644,0
a20027,0
a09637,0
a05667,0
a03491,0
a12144,0
a26028,0
a11456,0
a30711,0
a16546,1
a01199,0
a22300,0
a08388,0
a00638,1
a01732,0
a10443,0
a06659,1
a20414,0
a29488,0
a23480,0
a15490,0
a25659,0
a07146,0
a28314,0
a29282,0
a20851,0
a09541,0
a01898,0
a02912,0
a25707,0
a00096,0
a13591,0
a19343,0
a27018,0
a02777,0
a22878,0
a26861,0
a27986,0
a06888,0
a24636,0
a18285,0
a16963,0
a11656,1
a14572,0
a14477,1
a27919,0
a08314,0
a29937,0
a28795,1
a07440,0
a23237,0
a12177,0
a14713,0
a20709,0
a06974,0
a24585,0
a14903,1
a07143,0
a26334,0
a08939,0
a03819,0
a13083,0
a20277,0
a28573,0
a30996,0
a02000,0
a11713,0
a17476,0
a16369,0
a29256,0
a13961,0
a22202,0
a12530,1
a21577,0
a29949,0
a28814,1
a21540,0
a04600,0
a09115,0
a10287,1
a00732,0
a02916,0
a00153,0
a02986,0
a07179,0
a00218,0
a16738,0
a19115,0
a01420,0
a30729,0
a13465,0
a13497,0
a26650,0
a20161,0
a03063,0
a15510,0
a25387,0
a18067,0
a08119,0
a08812,0
a19379,0
a12295,0
a13019,0
a30330,0
a00994,0
a17444,0
a18023,0
a24691,0
a15650,0
a16591,0
a24343,0
a18137,0
a05228,0
a06091,0
a30010,0
a21403,0
a15205,0
a21409,0
a29346,0
a03861,0
a03025,0
a26718,0
a21099,0
a07105,0
a26451,0
a15400,0
a19661,0
a23305,0
a07950,0
a27236,0
a25889,0
a22971,0
a09849,0
a00987,0
a13626,0
a12219,1
a17955,0
a29095,0
a05714,0
a22447,0
a02965,0
a03730,0
a08138,0
a16842,0
a30655,0
a14868,0
a11667,0
a06527,0
a17972,0
a30508,0
a26962,0
a25025,1
a18936,1
a20418,0
a10803,0
a26300,1
a23426,0
a01870,1
a15072,0
a28352,0
a05971,1
a01369,1
a04251,0
a26243,0
a10400,0
a11695,0
a06827,0
a07661,0
a18217,0
a07578,0
a16802,0
a16615,1
a15867,0
a01738,0
a14130,0
a09612,0
a19927,0
a24497,0
a07316,0
a16644,0
a26919,1
a23425,0
a17941,0
a28257,0
a09107,0
a23453,0
a04807,0
a22974,0
a26232,0
a17559,0
a16585,0
a22490,1
a01945,0
a22131,0
a09131,1
a15382,0
a00145,0
a26275,1
a08658,0
a22038,0
a01339,1
a22778,0
a08244,0
a04801,0
a12853,0
a06977,0
a11935,0
a03983,0
a22468,1
a30170,0
a22814,0
a25976,0
a09706,0
a31092,1
a22803,0
a20439,0
a24244,0
a17193,0
a16049,0
a09635,1
a18802,0
a01359,0
a13566,0
a21423,0
a17970,0
a25513,0
a30495,0
a19888,0
a11447,0
a27703,0
a01644,0
a22573,0
a07532,0
a06848,0
a23683,0
a03855,0
a11833,0
a06251,0
a08206,0
a19369,0
a30401,1
a03284,0
a00326,0
a02899,0
a19066,0
a23973,1
a02371,0
a12791,0
a27253,0
a10023,1
a16703,0
a31256,0
a16899,0
a09703,0
a15606,0
a24477,0
a26591,0
a25469,0
a07030,0
a11654,0
a10113,0
a12862,0
a16890,0
a22173,0
a08122,0
a30259,0
a15211,0
a29004,0
a19632,0
a17261,0
a25634,0
a09437,0
a31342,0
a04933,0
a16755,0
a02353,0
a31150,0
a12123,0
a11351,0
a07263,0
a06457,0
a11694,0
a14259,0
a28468,0
a15604,0
a19807,0
a27263,0
a04178,0
a01931,0
a02871,0
a00233,1
a01991,0
a19923,0
a10305,0
a04557,0
a15885,0
a22752,0
a28083,0
a30463,0
a23460,0
a25804,0
a28714,0
a10115,0
a01133,0
a03866,0
a07637,0
a29745,0
a11086,0
a29511,0
a20947,0
a13502,0
a05293,0
a23753,0
a16243,0
a27944,0
a27223,0
a05536,0
a25059,0
a28129,0
a10270,0
a24726,0
a05959,0
a00004,0
a13687,0
a04388,0
a22740,0
a27965,0
a09573,0
a30989,0
a09208,0
a24052,0
a15252,0
a19849,0
a22347,0
a16693,0
a17883,0
a17048,0
a09328,0
a05589,0
a01130,0
a18077,0
a14469,0
a30726,1
a14176,0
a10732,0
a27843,0
a30804,0
a10717,0
a24372,0
a07062,0
a31494,0
a24283,0
a16250,0
a04497,0
a15204,0
a10366,0
a03896,1
a14107,0
a03456,0
a14092,1
a26194,0
a04076,1
a01829,1
a01008,0
a06887,0
a11281,0
a13656,0
a29961,1
a29220,0
a26616,0
a17905,1
a31384,0
a01815,0
a23454,0
a24887,0
a27952,1
a21028,0
a15405,0
a14431,0
a24028,1
a09139,0
a02612,0
a10484,0
a08343,0
a19201,0
a21865,0
a05459,0
a24305,0
a12099,0
a22807,0
a09433,0
a11569,0
a13794,0
a09594,0
a28134,0
a26217,0
a00624,0
a26091,0
a18227,0
a20144,0
a20234,0
a12436,1
a16131,0
a14445,0
a17433,1
a10860,0
a15147,0
a09297,0
a09645,0
a26966,0
a08341,0
a02730,0
a04672,0
a19438,0
a30458,0
a18921,0
a16153,0
a10371,0
a30361,0
a01517,0
a20749,0
a15175,0
a16827,0
a05519,0
a23276,0
a17304,0
a10727,0
a27604,0
a25459,0
a20403,1
a09293,0
a19414,0
a28398,0
a08411,0
a09826,0
a31015,0
a05945,0
a08418,0
a16058,0
a14104,0
a27775,0
a04542,0
a02885,0
a05188,0
a24166,0
a00501,0
a00404,0
a01524,0
a30183,0
a23409,0
a26331,0
a24597,0
a03580,0
a28930,0
a24057,0
a06524,0
a01473,0
a26910,0
a24475,0
a12047,1
a04985,0
a25309,0
a06058,1
a12270,0
a31207,0
a06564,0
a22035,0
a02457,0
a22942,0
a09064,0
a06204,1
a22244,0
a03828,0
a11160,0
a16915,0
a13975,1
a21586,0
a00130,0
a20536,0
a00718,0
a15369,0
a18852,0
a23757,0
a16706,0
a22258,0
a16264,0
a08906,0
a13603,0
a23132,0
a23413,0
a13033,0
a15041,0
a06678,0
a27779,0
a12923,0
a13377,0
a11707,1
a02381,0
a30231,1
a10541,0
a18087,1
a19912,0
a15179,0
a05264,0
a07674,0
a14192,0
a03672,0
a14611,0
a22662,0
a20859,0
a10653,0
a16421,0
a04062,0
a25547,0
a26673,0
a05019,0
a15945,0
a26262,0
a25620,0
a22162,0
a17688,0
a20297,0
a01183,0
a01380,0
a11981,0
a07315,0
a23917,0
a20815,0
a04096,0
a25518,0
a31340,0
a24971,0
a09231,0
a14447,0
a18659,0
a21765,0
a06292,0
a07953,0
a01767,0
a30873,0
a11793,0
a17135,0
a02165,0
a26983,0
a23379,0
a09701,0
a28744,0
a11224,0
a23720,0
a04221,0
a10240,1
a19781,0
a01286,0
a23422,0
a10523,0
a24276,0
a08053,0
a29650,0
a24483,0
a11526,0
a23293,0
a13051,0
a23285,0
a15721,0
a04345,0
a11331,0
a26438,0
a23376,1
a09457,0
a00059,0
a24288,0
a16436,0
a02366,0
a01800,0
a03183,0
a14306,0
a23151,0
a14194,0
a10655,0
a22741,0
a24406,0
a12655,1
a18739,1
a24308,1
a04244,0
a09054,0
a06779,0
a22835,0
a03643,0
a01308,1
a05852,0
a22352,0
a00566,0
a27678,0
a28387,0
a07194,0
a04414,0
a30550,0
a04782,0
a24259,0
a27845,1
a28068,0
a03485,0
a08815,0
a23432,0
a25803,0
a28112,0
a00607,0
a16583,0
a15847,0
a30930,0
a09193,0
a08580,0
a26950,0
a13305,0
a01451,0
a20914,0
a30087,0
a02784,0
a15279,1
a17486,0
a16299,0
a26960,0
a01445,0
a17715,0
a16941,0
a01860,0
a14498,0
a16105,0
a13252,1
a18962,0
a13260,0
a28296,0
a18463,0
a09314,0
a19070,0
a04314,0
a14401,1
a19673,0
a15417,0
a15478,0
a27920,0
a25987,0
a26326,0
a12260,0
a05512,0
a07976,0
a00615,0
a27205,0
a02368,1
a24185,0
a20904,0
a11156,1
a17564,0
a23967,0
a05043,0
a31026,0
a21345,0
a28280,0
a20187,0
a14047,0
a16723,0
a22496,0
a18717,0
a09521,0
a06729,0
a18399,0
a29400,1
a01378,0
a06183,0
a23818,0
a09417,0
a24975,0
a22199,0
a26611,0
a07753,0
a18590,0
a20157,0
a02591,0
a06566,1
a12543,0
a22158,1
a17668,0
a02053,1
a28452,0
a02817,0
a28003,0
a29990,0
a08979,0
a04229,0
a21337,0
a11866,0
a13969,0
a28929,0
a22481,0
a03051,0
a04442,0
a04994,0
a30112,0
a16841,0
a21583,0
a10808,0
a22773,0
a19915,0
a01263,0
a12458,1
a21394,0
a01869,0
a23544,0
a11744,0
a07427,0
a04389,0
a24890,0
a25489,0
a29666,0
a18065,0
a15611,0
a24411,0
a13556,0
a19583,0
a28860,0
a06366,0
a31475,0
a24266,0
a26665,0
a10469,0
a21743,0
a05944,0
a10100,0
a26834,0
a18884,0
a22969,0
a07445,0
a18380,1
a23965,0
a07416,0
a22650,0
a26751,0
a11466,0
a03270,0
a26672,0
a06321,0
a00269,0
a31248,0
a26361,0
a03144,0
a08098,1
a13076,0
a21855,0
a13187,0
a11973,0
a10773,0
a12394,0
a25825,0
a04418,0
a31411,0
a31373,0
a30304,0
a13064,0
a08443,0
a18158,0
a00550,0
a22667,0
a18879,0
a11868,0
a21129,0
a08229,0
a18425,0
a13926,0
a05289,0
a11249,0
a17503,0
a04316,0
a02515,0
a28174,0
a30974,0
a11543,0
a28488,0
a05342,0
a21000,0
a11183,0
a22610,0
a27134,0
a15021,0
a26730,0
a06976,0
a26513,0
a22145,1
a19053,0
a21469,0
a30337,0
a17389,0
a08049,0
a31377,0
a12399,0
a29402,0
a09031,0
a29975,0
a13414,0
a10656,1
a25422,0
a17513,0
a08791,0
a10175,0
a25618,0
a27395,0
a21794,0
a31086,0
a00450,0
a09187,0
a16393,0
a23537,0
a28614,0
a07057,0
a30118,0
a23130,0
a30956,0
a14112,0
a25969,0
a17412,0
a15811,0
a24010,0
a12964,1
a27826,1
a21338,0
a07793,0
a31021,0
a03519,1
a14871,1
a26420,0
a04189,1
a03419,0
a04080,1
a21029,0
a17497,0
a18572,0
a06452,0
a29467,0
a29722,0
a15680,0
a17761,0
a06170,0
a18561,1
a08752,0
a00563,0
a31177,0
a13772,0
a06490,0
a27866,0
a07203,0
a20584,0
a17274,0
a05652,0
a11883,0
a11381,0
a29853,0
a27052,0
a29515,0
a26040,0
a22141,0
a01657,0
a11680,0
a17887,0
a00996,0
a01932,0
a22264,0
a30883,0
a02883,0
a19793,0
a27694,0
a24884,0
a29849,0
a20257,0
a08275,1
a23562,0
a17425,0
a18833,0
a31457,0
a18887,1
a02140,0
a18750,0
a15745,0
a09129,0
a08153,0
a09136,0
a21927,0
a20101,0
a24324,1
a22827,0
a10680,0
a07965,0
a03798,0
a01747,0
a24013,0
a16107,0
a21117,0
a25830,0
a31163,0
a18922,0
a05323,0
a06194,0
a14423,0
a13406,0
a21626,0
a05967,0
a05491,0
a29600,0
a13571,0
a09108,0
a20761,0
a04259,1
a18709,0
a01417,0
a05679,0
a30430,1
a02779,0
a25035,0
a04212,0
a10511,0
a30179,0
a30880,0
a12961,0
a03859,0
a23088,0
a15727,0
a08789,0
a28104,0
a25258,0
a09810,0
a03346,0
a09561,0
a28581,0
a12296,0
a12736,0
a24190,1
a26129,0
a08963,0
a20255,0
a29182,0
a30350,0
a05807,0
a20544,0
a28726,0
a14872,0
a25204,0
a06937,0
a00273,0
a07368,0
a10832,0
a27218,0
a27477,0
a01323,0
a09499,0
a12724,0
a16632,0
a08066,0
a14250,0
a16100,1
a15163,0
a09275,0
a23224,0
a13663,0
a00085,0
a21759,0
a09565,0
a06320,0
a26926,0
a04007,0
a29686,0
a05974,1
a17459,0
a04922,1
a12237,0
a28329,0
a23921,0
a09568,1
a20631,0
a05172,0
a14323,0
a30580,0
a20421,0
a21303,0
a10291,0
a08532,0
a04939,0
a24301,0
a19589,0
a19138,0
a28631,0
a12494,0
a13122,0
a16485,0
a13150,0
a05127,0
a04575,0
a08631,0
a11603,0
a27311,0
a15114,0
a08460,0
a14778,0
a29112,0
a22639,0
a27817,0
a24824,0
a26526,0
a06576,0
a05320,0
a04888,0
a14557,0
a02990,0
a00423,0
a18999,0
a11220,0
a19651,0
a06755,0
a14143,0
a24318,1
a21466,0
a23424,0
a19666,0
a08535,0
a07820,0
a28331,0
a17037,0
a09029,0
a22845,0
a23393,0
a20594,0
a09225,0
a26495,0
a09931,0
a22522,0
a11063,0
a14337,0
a14360,0
a19405,0
a25893,0
a03817,1
a09504,0
a24110,0
a25789,0
a15381,0
a06016,0
a07442,0
a24838,0
a24701,0
a18816,0
a14213,0
a04720,0
a30586,0
a16325,0
a14727,0
a02735,1
a18321,0
a00880,0
a04246,0
a01357,0
a22265,0
a06253,0
a06604,0
a09042,0
a19850,0
a05656,0
a26624,0
a28604,0
a03329,0
a12118,0
a26095,1
a26856,0
a00518,0
a18280,0
a14630,0
a10954,0
a11198,0
a12806,0
a02568,1
a29496,0
a30496,0
a21088,0
a20976,0
a21512,0
a22786,1
a21009,0
a28205,0
a21919,0
a04213,0
a04390,0
a30773,0
a22891,0
a21930,0
a10074,0
a00769,0
a14738,0
a30997,0
a21259,0
a08813,0
a07967,0
a28681,0
a20416,0
a20276,0
a07773,0
a24522,0
a11272,0
a04521,0
a02100,0
a31182,0
a29172,0
a28900,0
a26905,0
a13544,0
a30676,0
a03205,0
a19106,0
a11365,0
a21069,0
a11390,0
a10868,0
a28675,0
a01771,1
a21244,0
a10483,1
a23514,0
a29659,0
a11056,0
a14153,0
a18821,0
a06594,0
a21719,0
a30995,0
a20865,0
a20641,0
a10065,0
a06423,0
a06823,0
a17553,0
a24506,1
a16221,0
a28270,0
a10697,0
a22570,0
a14325,0
a13913,0
a03469,0
a13284,0
a29263,0
a17124,0
a18569,1
a18129,0
a14712,0
a16530,0
a04407,0
a21474,0
a07093,0
a30290,0
a03542,0
a26708,0
a19745,0
a22526,0
a09445,0
a19380,0
a25652,0
a15284,0
a06748,0
a02318,0
a24096,1
a05521,0
a16869,0
a13464,0
a02804,0
a04631,0
a09295,0
a21057,0
a27142,0
a29201,1
a00962,0
a04809,0
a00364,0
a11177,0
a31268,0
a07832,1
a16871,0
a03850,0
a01833,0
a19003,0
a10738,0
a26124,0
a25123,0
a00464,0
a06196,0
a23947,0
a25952,0
a15111,0
a16068,0
a02640,0
a05898,0
a30162,0
a20784,0
a16145,0
a09743,0
a29754,0
a21243,0
a17235,0
a04650,0
a07276,0
a12055,0
a20392,0
a10397,0
a01354,0
a17874,0
a31230,0
a14459,1
a26682,0
a09653,0
a24589,1
a17329,0
a07889,1
a29160,0
a05544,0
a09855,0
a23233,1
a15036,0
a00913,0
a04589,1
a31046,0
a29364,0
a21410,0
a07434,0
a13151,0
a03298,0
a17263,1
a08342,0
a18232,0
a13958,0
a01780,1
a13031,0
a30464,0
a24948,0
a16796,0
a04170,0
a17332,0
a27682,1
a09454,0
a14618,0
a10010,0
a01912,0
a22791,0
a10190,0
a11686,0
a31332,0
a21619,0
a27264,0
a11720,0
a29102,0
a00031,0
a08063,0
a08268,0
a07960,0
a20692,0
a08848,0
a12235,0
a23404,0
a25640,0
a08709,0
a10139,0
a28515,0
a11789,0
a29457,0
a11190,0
a20688,0
a14161,0
a23542,1
a17665,0
a21977,0
a30047,0
a09652,0
a25611,0
a29347,0
a05831,0
a28401,0
a02603,0
a13818,1
a19997,0
a09685,0
a17300,0
a22613,0
a03259,0
a30173,0
a24050,0
a27708,0
a28222,0
a25206,0
a19933,0
a10119,0
a27569,1
a08891,0
a29520,0
a06666,0
a14843,1
a05693,0
a01619,0
a04027,0
a11992,0
a29115,0
a08444,0
a16338,0
a20626,0
a28764,0
a10822,0
a28354,0
a00814,0
a17998,0
a10607,0
a27664,0
a08133,0
a15567,0
a07689,1
a14973,0
a20320,0
a31160,0
a16689,0
a00714,0
a20119,0
a01845,0
a00885,0
a02948,0
a22489,0
a01612,0
a29393,0
a06474,0
a18149,0
a28685,1
a09373,0
a31071,1
a06965,1
a11014,0
a20137,0
a16219,0
a11636,0
a19678,0
a04964,0
a01843,0
a11416,0
a15281,0
a29822,1
a21340,0
a17392,0
a20538,0
a24126,0
a15937,0
a08699,0
a18845,0
a30901,0
a10452,0
a01894,0
a02830,0
a00383,0
a31419,1
a16166,0
a30800,0
a14894,0
a13185,0
a11438,0
a28828,0
a12424,0
a27574,0
a02988,0
a14162,0
a08473,0
a23666,0
a27286,0
a25561,0
a09379,0
a00604,1
a19391,0
a17110,0
a09387,0
a08178,0
a26644,0
a24606,0
a27894,0
a25068,0
a26934,0
a23805,0
a25903,0
a19518,0
a11243,0
a17278,0
a11437,0
a15269,0
a10533,0
a05174,0
a15660,0
a11524,0
a14706,0
a26101,0
a27316,0
a20001,0
a22413,0
a18920,0
a30662,0
a05580,0
a15731,0
a21813,0
a05417,0
a28800,0
a25402,0
a01069,0
a21273,0
a09266,0
a04823,0
a07027,0
a18707,0
a12594,0
a20366,0
a06693,1
a21550,0
a27627,0
a25905,0
a08210,0
a18588,1
a26400,0
a02304,0
a16868,0
a08427,0
a28301,0
a20494,0
a28692,0
a01532,0
a23810,1
a07522,0
a29018,0
a16094,0
a25286,0
a16770,1
a18757,0
a30193,0
a10381,0
a12020,1
a12637,0
a00637,0
a14439,0
a17859,0
a26670,0
a29844,0
a03418,0
a29315,0
a18917,0
a00786,0
a18097,0
a29055,0
a10259,0
a19327,0
a18470,0
a09482,0
a31245,0
a00335,0
a02851,0
a11238,1
a21488,0
a00410,1
a06540,0
a07841,0
a16956,0
a10704,1
a26749,0
a06585,0
a09500,0
a11558,0
a21658,0
a23881,0
a26293,0
a27747,0
a30486,0
a07487,0
a03467,0
a10351,0
a29259,0
a27546,0
a13311,0
a25086,0
a01140,0
a13202,0
a10025,0
a10874,1
a23812,0
a31490,0
a16300,0
a19963,0
a24162,0
a17460,0
a07653,0
a04256,0
a31124,0
a07218,0
a08920,0
a31151,0
a17249,0
a10217,0
a06065,0
a09411,0
a06139,0
a03594,0
a17468,0
a31102,0
a00823,0
a13409,0
a10615,0
a12068,0
a15334,0
a19164,0
a24784,0
a13885,0
a31103,0
a16581,0
a18795,0
a02753,1
a00285,0
a21873,0
a24161,0
a29062,0
a27351,0
a06874,0
a01412,0
a22749,0
a10330,0
a14119,0
a21506,0
a29565,0
a18209,0
a01460,0
a15470,0
a17718,0
a22603,0
a16114,0
a07308,0
a04717,0
a22853,0
a16820,0
a27887,0
a07998,0
a00385,0
a14335,0
a25319,0
a11956,0
a05010,0
a09228,0
a23713,0
a26619,0
a22208,0
a13257,0
a22061,0
a03660,0
a09831,0
a27488,0
a19229,0
a06086,0
a06606,0
a24121,0
a22444,0
a19203,1
a16177,0
a17637,0
a20069,0
a21516,0
a06913,0
a17365,0
a00017,0
a03068,0
a09496,0
a13436,0
a02410,0
a17832,0
a31287,0
a19056,0
a23671,0
a04108,0
a28713,0
a07201,0
a19996,0
a23317,1
a03033,0
a17256,0
a10938,0
a22984,0
a03313,0
a29756,0
a27182,0
a00297,0
a06736,0
a22254,0
a07103,0
a20896,0
a27559,0
a01418,0
a23526,0
a06010,0
a05862,0
a03806,0
a22077,0
a28486,0
a06519,0
a09953,0
a05740,0
a27177,0
a25817,0
a11248,0
a24566,0
a23401,0
a02774,0
a19709,0
a26928,0
a29826,0
a02391,0
a00261,0
a15940,0
a20652,0
a21250,0
a14314,0
a17021,0
a27102,0
a21136,1
a16692,0
a05061,0
a26937,0
a07592,0
a07130,0
a29275,0
a17478,0
a06150,1
a23903,0
a17921,0
a29368,0
a15753,0
a15248,0
a20500,0
a06502,0
a18001,0
a29395,0
a29153,0
a29133,1
a30527,0
a23474,0
a16282,0
a12166,0
a26786,0
a15404,0
a08091,0
a01856,0
a05482,0
a15620,1
a29598,0
a11143,0
a08021,0
a07475,0
a29706,0
a02285,0
a15317,0
a05846,0
a24742,0
a28362,0
a04053,0
a16702,0
a03203,0
a17420,0
a21161,0
a10677,1
a27891,0
a27717,0
a29989,0
a07537,0
a09615,0
a01240,0
a03745,0
a24070,1
a15573,0
a13608,0
a15412,0
a28677,0
a22024,0
a03879,0
a21281,0
a27396,0
a14426,0
a28781,0
a28110,0
a25512,0
a01968,0
a12297,0
a31315,0
a20501,0
a11617,0
a06569,0
a00166,0
a07556,0
a21968,0
a02719,0
a03428,0
a28784,0
a00507,0
a03458,0
a06099,0
a28552,0
a10601,0
a17768,0
a00409,0
a09965,0
a16510,0
a01589,0
a28939,0
a16051,0
a01413,0
a08898,1
a07830,0
a27384,0
a27030,0
a13025,0
a11763,0
a17738,0
a19874,0
a29626,0
a11202,0
a22184,0
a03245,0
a03872,0
a04833,0
a19979,0
a21245,0
a21823,1
a20869,0
a06028,0
a14284,0
a19842,0
a18271,0
a27811,0
a25060,0
a14818,0
a04997,1
a00904,0
a20963,0
a07077,0
a07287,0
a14673,0
a03448,0
a28544,0
a05819,0
a00949,0
a22921,0
a22739,0
a06623,0
a13744,0
a01376,0
a08236,0
a25332,0
a13225,0
a22296,0
a05533,0
a16428,1
a14959,1
a30774,0
a24987,0
a16686,0
a01507,0
a27942,0
a08332,0
a08204,0
a30875,0
a21154,0
a30213,0
a22390,0
a09666,0
a24079,0
a20533,0
a17447,0
a03937,0
a11787,0
a29109,0
a01070,0
a18483,0
a13283,0
a24861,0
a19580,0
a23546,0
a27834,0
a11594,0
a00243,0
a15724,0
a12814,0
a13022,0
a21659,0
a18333,0
a07313,0
a17574,0
a00051,0
a13528,0
a05110,0
a11681,0
a26345,0
a21030,0
a30535,0
a16247,0
a22025,0
a29383,0
a03232,0
a12568,0
a17220,0
a15553,0
a13609,1
a04837,0
a07295,0
a13084,0
a02054,0
a00405,0
a05632,0
a17011,0
a30692,0
a07408,0
a06497,1
a28384,0
a24007,0
a08212,0
a10786,1
a30511,0
a07825,0
a04055,0
a21086,1
a24528,0
a28454,0
a26571,0
a21735,0
a27430,0
a18252,0
a17811,0
a09201,0
a11898,0
a29932,1
a13631,0
a19659,0
a15054,0
a24548,0
a02373,0
a27035,0
a19664,0
a17974,0
a03228,0
a01032,0
a29677,0
a11741,0
a10509,0
a22152,0
a07847,0
a30126,0
a06986,0
a28338,0
a25115,0
a03415,0
a22017,0
a21393,0
a21494,0
a20829,0
a11048,0
a03029,0
a11917,0
a08622,0
a27221,0
a12130,1
a21325,0
a09495,1
a27260,0
a00650,0
a02876,1
a21674,0
a02143,0
a15485,0
a05018,0
a12629,0
a28733,0
a00250,0
a11958,0
a03064,0
a08252,0
a01087,0
a26470,0
a02805,0
a29553,0
a21230,0
a22453,0
a13707,0
a28560,0
a21859,0
a10038,0
a03499,0
a15416,0
a25133,0
a22503,0
a03685,0
a02802,0
a09378,1
a23530,0
a27176,0
a11535,0
a30708,0
a16148,0
a07695,0
a07482,0
a09039,0
a28292,0
a28903,0
a05313,0
a26103,0
a04132,0
a14741,0
a05833,0
a29193,0
a29941,0
a20303,0
a29440,0
a19801,0
a30522,0
a21630,0
a08002,0
a04897,0
a11339,0
a10245,0
a27000,0
a20554,0
a05304,0
a03100,0
a30882,0
a18960,0
a14942,0
a04655,0
a16026,0
a26690,0
a29857,0
a31054,0
a04711,0
a01582,0
a23315,0
a21589,0
a23876,0
a02553,1
a29738,0
a05653,0
a19751,0
a07503,0
a22513,0
a24430,0
a12451,0
a12104,1
a29371,0
a29805,1
a19955,0
a19716,0
a20739,0
a10337,0
a06942,0
a12897,0
a25297,1
a15071,0
a23264,0
a26945,0
a26308,0
a00209,0
a21790,0
a17380,0
a27685,0
a17693,0
a29871,0
a09461,1
a22281,0
a07443,0
a00977,0
a03234,0
a15349,0
a03601,0
a01148,0
a13266,0
a17942,0
a07585,0
a16815,0
a26107,0
a19069,0
a13098,0
a25448,0
a07289,0
a07384,0
a07115,1
a14379,0
a07376,0
a29755,0
a03904,0
a07270,0
a05844,0
a06776,0
a21234,0
a04410,0
a18940,0
a11476,0
a10310,0
a09680,0
a18591,0
a20159,0
a11527,0
a21145,0
a20598,0
a15348,0
a14353,0
a17192,0
a16216,0
a30772,0
a13811,0
a28561,1
a25200,0
a21467,0
a10203,0
a00058,0
a01700,0
a10620,0
a13728,0
a31010,0
a15902,0
a31440,1
a02957,0
a18897,0
a29003,0
a02514,0
a22004,0
a15049,0
a10503,0
a29698,0
a19371,1
a01316,0
a21704,0
a01543,0
a14950,0
a29531,0
a01908,0
a31410,0
a27636,0
a28093,0
a12196,0
a21020,0
a11632,0
a15218,0
a02088,0
a28061,1
a12854,0
a24877,0
a16873,0
a11049,0
a14066,0
a00118,0
a05704,0
a09755,0
a09741,0
a13762,1
a05141,0
a04881,0
a17373,0
a14794,0
a16167,0
a21227,0
a06814,1
a25368,0
a27392,0
a06706,0
a27428,0
a02718,0
a05170,0
a17550,0
a11615,0
a19845,0
a03041,0
a24670,0
a20968,0
a17496,0
a26796,0
a05469,0
a22495,0
a11259,0
a04194,0
a28569,0
a29895,0
a30889,0
a08643,0
a23392,0
a08554,0
a06788,0
a11175,1
a21207,0
a17831,0
a23959,0
a30920,0
a25556,1
a17153,0
a08202,0
a25098,0
a09901,0
a16336,0
a16359,0
a03213,0
a09807,0
a17543,0
a16093,0
a01010,0
a08495,0
a14931,0
a11886,0
a11304,0
a02266,0
a00350,0
a21564,0
a25650,0
a19305,0
a06711,0
a01325,0
a03348,0
a05006,0
a30598,0
a00194,0
a28260,0
a12938,0
a10489,0
a14926,0
a25097,0
a18210,0
a31472,0
a05489,0
a13285,0
a19646,0
a03746,0
a14421,0
a21862,0
a09477,0
a24193,1
a14033,0
a07539,0
a27922,1
a28430,0
a10276,0
a26130,0
a09019,0
a10629,0
a19701,0
a31424,0
a26863,0
a09244,1
a26500,0
a13427,0
a16224,0
a15450,0
a13659,0
a11510,0
a29050,0
a13388,0
a28804,0
a27782,0
a27699,0
a25986,1
a01459,0
a00002,0
a03296,0
a22883,0
a05998,0
a20026,0
a23822,0
a05389,0
a26070,0
a17095,0
a25799,0
a30821,0
a30643,0
a17036,0
a08097,0
a23442,0
a15682,0
a20690,0
a30766,0
a31035,0
a11829,0
a00509,0
a15985,0
a26417,0
a29516,0
a23665,0
a30308,1
a21866,0
a05793,0
a30502,0
a12661,0
a30749,0
a17385,0
a13565,0
a27784,0
a27648,0
a15688,0
a20343,0
a06516,0
a21784,0
a01498,0
a03999,0
a07385,0
a07657,0
a23827,0
a05851,0
a05603,0
a02418,0
a16490,0
a02615,0
a29245,0
a19717,0
a31283,0
a24573,0
a03641,1
a14896,0
a27835,0
a12642,0
a08017,0
a22651,0
a29996,0
a15572,0
a21906,0
a26523,0
a27164,0
a18072,0
a04066,0
a15994,0
a09149,0
a14428,1
a30639,0
a10231,0
a09890,0
a04525,0
a01480,0
a24087,0
a07253,0
a29040,0
a01415,0
a17812,0
a02798,0
a16009,0
a12913,1
a21649,0
a15928,0
a18608,0
a19140,0
a24681,0
a19242,0
a24111,0
a11572,0
a06496,0
a00590,0
a02013,0
a26424,1
a23042,0
a19541,0
a05050,0
a18471,0
a05766,0
a27046,1
a21872,0
a19662,0
a04719,0
a25192,0
a16425,0
a01329,0
a17854,1
a19097,0
a26781,0
a13694,0
a20464,0
a23857,1
a18979,1
a22340,0
a24520,0
a07897,0
a28830,0
a11376,0
a14990,0
a22072,0
a12293,0
a10740,0
a31203,0
a23206,0
a10047,0
a06484,0
a20702,0
a21183,0
a10207,0
a00437,0
a17499,0
a29948,0
a00033,0
a13116,0
a10302,0
a15124,0
a19525,1
a19883,0
a25839,0
a04722,0
a06918,0
a04558,0
a04861,0
a04005,0
a19539,0
a30431,0
a27522,0
a07176,0
a19852,0
a14831,0
a25104,0
a02009,0
a27672,0
a14989,0
a29811,0
a03915,0
a13572,0
a20791,0
a10585,0
a13893,0
a06956,0
a22374,0
a11598,0
a20444,0
a17299,0
a21545,0
a23972,0
a03314,0
a29091,0
a26806,0
a07142,0
a21925,0
a16304,0
a25562,0
a06568,0
a23040,0
a21491,0
a16709,0
a26081,0
a26631,0
a11369,0
a02557,0
a21573,1
a12331,0
a02189,0
a11471,0
a04849,1
a19787,0
a19422,0
a03756,0
a10690,0
a13374,0
a17435,0
a05842,0
a03600,0
a29304,0
a26799,0
a20153,1
a18384,0
a27810,0
a28463,0
a13362,0
a05067,0
a14489,0
a20782,0
a04171,0
a03726,0
a27481,0
a06177,0
a11575,0
a23787,0
a12699,0
a26083,1
a27734,0
a27733,0
a16101,0
a06775,0
a18849,0
a21572,0
a29389,0
a25224,0
a19616,0
a16317,0
a10402,0
a15025,0
a18147,0
a16099,0
a22851,0
a26096,0
a06236,0
a03138,0
a12353,0
a03121,0
a08785,0
a15031,0
a03120,0
a14668,0
a21014,0
a05042,0
a02119,0
a04344,0
a13396,0
a05032,0
a28306,0
a27578,0
a01995,0
a27318,0
a01153,0
a18780,0
a25261,0
a22050,0
a09470,0
a23199,0
a17258,0
a01993,1
a00689,0
a27871,0
a29580,0
a10422,0
a28982,1
a13750,0
a30339,0
a04654,0
a06169,0
a01364,0
a01012,0
a05051,0
a00834,1
a04603,0
a28117,0
a08346,0
a26220,0
a13021,0
a25980,0
a01202,0
a24795,0
a00670,0
a22743,0
a08737,0
a30266,0
a01109,0
a02273,0
a30770,0
a28549,0
a07746,0
a16371,0
a28272,0
a09388,0
a24243,0
a30853,0
a21102,0
a26551,0
a05949,0
a16235,0
a14361,0
a15394,0
a19945,0
a21978,0
a31080,0
a28053,0
a04422,0
a30226,0
a10937,0
a00362,0
a07786,1
a15001,0
a19085,0
a07006,0
a05755,0
a01100,1
a28351,0
a02142,0
a28172,1
a10746,0
a24095,0
a15653,0
a24312,0
a04946,0
a03406,0
a12833,0
a11083,0
a05095,0
a05173,0
a29200,1
a27807,0
a15622,0
a08499,0
a04733,0
a00398,0
a27136,0
a13228,0
a12578,0
a14877,0
a31416,0
a30438,1
a13092,0
a29561,0
a08843,0
a23493,0
a10969,0
a09245,0
a19648,0
a16938,0
a12834,0
a22122,0
a05963,0
a01078,1
a07765,0
a30959,0
a30723,0
a13223,0
a26568,0
a09783,0
a12886,0
a13595,0
a05477,0
a17241,0
a18310,0
a29293,0
a29599,0
a11706,0
a07067,0
a13500,0
a20719,0
a04644,0
a11118,0
a13833,0
a22841,0
a09902,0
a01414,0
a06015,0
a00035,0
a11876,0
a29665,0
a22535,0
a09957,0
a15952,0
a02873,0
a04906,1
a30952,0
a24060,0
a18599,0
a27731,0
a03773,0
a12571,0
a26050,0
a01791,1
a29281,0
a30577,0
a23883,0
a29469,0
a13635,0
a07412,0
a27194,0
a10266,0
a26927,0
a02874,0
a30236,0
a06670,0
a30444,0
a22159,0
a19080,0
a12358,0
a20263,0
a13340,0
a17937,1
a29714,0
a23177,0
a17692,0
a24986,0
a20781,0
a08107,0
a28958,1
a09559,0
a28231,0
a17852,0
a20098,0
a15420,0
a20900,0
a06261,0
a06120,0
a10775,0
a24696,0
a04059,0
a18085,0
a07648,0
a08570,0
a15921,0
a02661,0
a26080,0
a25487,0
a10658,0
a19569,0
a13140,0
a19496,0
a17523,0
a10666,1
a27486,0
a23865,0
a19796,0
a28208,0
a25458,0
a27903,0
a07360,1
a30998,0
a01050,0
a10045,0
a26247,0
a10306,0
a25080,0
a27163,1
a22553,0
a24296,0
a31361,0
a14650,0
a19990,0
a00063,0
a03074,0
a08339,0
a28072,0
a20301,0
a23478,0
a17222,0
a04852,0
a26110,0
a06217,0
a22462,0
a04708,0
a20476,0
a03197,0
a04982,0
a28182,0
a12881,0
a24611,1
a03618,0
a14886,0
a10897,0
a27146,0
a24623,0
a27024,0
a02776,0
a26343,1
a02306,0
a29558,0
a11943,0
a24879,0
a18456,0
a03474,0
a27930,0
a23780,0
a18040,0
a05129,0
a25125,0
a03782,0
a06390,0
a08675,0
a27433,0
a25663,0
a04355,0
a20931,0
a29297,0
a18594,0
a27671,0
a06265,0
a18767,0
a29760,0
a22183,0
a01232,0
a28509,0
a01936,0
a05749,0
a02393,0
a10456,0
a16122,0
a13170,0
a27598,0
a06765,0
a29976,0
a15012,0
a29506,0
a28691,0
a20479,0
a27972,0
a15695,0
a24056,0
a26903,0
a14711,0
a01712,1
a28221,0
a06046,0
a23102,0
a21012,0
a16260,0
a06801,0
a06754,0
a07679,0
a20388,0
a26367,0
a22414,0
a09013,0
a02761,0
a20794,0
a08045,0
a06267,0
a04103,0
a18203,0
a12343,0
a18128,0
a18492,0
a20564,0
a22074,0
a11467,0
a29916,1
a11539,0
a10369,0
a13402,0
a26257,1
a22675,0
a18683,0
a22449,0
a05090,0
a25473,1
a29625,0
a13468,1
a11537,0
a27095,0
a05195,0
a25231,0
a28660,0
a00382,0
a13851,0
a15999,0
a14408,0
a17074,0
a03441,0
a11785,0
a27526,0
a03078,0
a11611,0
a16934,0
a23437,0
a29993,0
a23980,0
a21150,0
a10172,1
a15359,0
a09329,0
a06470,1
a03389,0
a10652,0
a07959,1
a23624,0
a26480,0
a03629,0
a15130,0
a21228,0
a06689,0
a17079,0
a20942,0
a29188,0
a10755,0
a25743,0
a17453,0
a13960,0
a15783,0
a12463,0
a25604,0
a21750,0
a22384,0
a20010,0
a25260,0
a26025,0
a09450,0
a21137,0
a00636,0
a28628,0
a28416,0
a05854,0
a11613,0
a07957,0
a09474,0
a29001,0
a22090,0
a15062,0
a23548,0
a22733,0
a28285,0
a06996,0
a02745,0
a05215,0
a10196,0
a18809,0
a18670,0
a04030,0
a01786,0
a25779,0
a07527,0
a22313,0
a21699,0
a20206,0
a29850,0
a30062,0
a07697,0
a08841,0
a22194,1
a18278,0
a07723,0
a26867,0
a20828,0
a00787,1
a03079,0
a11783,0
a01403,0
a10209,0
a26733,0
a11483,0
a12253,0
a06282,0
a14664,0
a03648,0
a04920,0
a22117,0
a03001,0
a28302,0
a06704,0
a01778,1
a20961,0
a18353,0
a16866,0
a21945,0
a05370,0
a13339,1
a09367,0
a03796,0
a15101,0
a16593,1
a14193,1
a04928,0
a25495,0
a03239,0
a01520,0
a00530,0
a26482,0
a25008,0
a21170,1
a25705,0
a13742,1
a03820,1
a06078,0
a05344,1
a07535,0
a07411,0
a16931,0
a15079,0
a20935,0
a31153,0
a16134,0
a09185,0
a16772,0
a18047,0
a24106,0
a21993,0
a07733,0
a11659,0
a09301,0
a29448,0
a14651,0
a07405,0
a12408,0
a29335,0
a30619,0
a07870,0
a28403,0
a06807,0
a30627,0
a30741,0
a07137,0
a11269,0
a16007,0
a28123,0
a23586,0
a25288,0
a20341,0
a01058,0
a28506,0
a31213,1
a20860,0
a25656,0
a05810,0
a05869,0
a16749,0
a24319,0
a04966,0
a23931,0
a30405,0
a30950,0
a30542,0
a24153,0
a04272,0
a04678,0
a01284,0
a29908,0
a22855,0
a28527,0
a04279,0
a13780,0
a20847,0
a07840,0
a30618,1
a27017,0
a03900,0
a02076,0
a03918,0
a07256,0
a01305,0
a12745,0
a25625,0
a19432,0
a14795,0
a20760,0
a30410,0
a05102,0
a25901,0
a28850,0
a25573,0
a02633,0
a08044,1
a13692,0
a29717,0
a25194,0
a05876,0
a24939,0
a31267,0
a02597,0
a17735,0
a28042,0
a01422,0
a25107,0
a13372,0
a03890,0
a28200,0
a04759,0
a11090,0
a29733,0
a26583,0
a01745,1
a06560,0
a30602,0
a21874,1
a24092,0
a24961,0
a12500,0
a12904,1
a19288,0
a26969,0
a18180,0
a02846,0
a24730,0
a10935,0
a21539,0
a24668,0
a16430,0
a23543,0
a13179,0
a19250,0
a07243,0
a28194,0
a10837,0
a03357,0
a28594,0
a15873,0
a14158,0
a28508,0
a20423,0
a04225,0
a16607,0
a09407,1
a02153,0
a01375,0
a07715,1
a08553,0
a21208,0
a07188,0
a16307,0
a05497,0
a20448,0
a12372,0
a19256,0
a09911,0
a20174,0
a15366,1
a14251,0
a13875,0
a18184,0
a09882,0
a05841,0
a06997,0
a12739,0
a14257,0
a05784,0
a31254,0
a12882,0
a18755,0
a19524,0
a30993,0
a16334,0
a28647,0
a21772,0
a19607,0
a10916,0
a03283,0
a11549,0
a02506,0
a10009,1
a14852,0
a22282,0
a23084,0
a18643,0
a21105,0
a20003,0
a11307,1
a25413,0
a09291,0
a07161,0
a18646,1
a13004,0
a05641,0
a14012,0
a03986,0
a17507,0
a10105,0
a22207,0
a29723,0
a00536,0
a17275,0
a10982,0
a05373,0
a12820,0
a00147,0
a24714,0
a09938,0
a01818,0
a00744,0
a14411,0
a04827,1
a01038,0
a19759,0
a21264,0
a01346,0
a14811,0
a16188,1
a30098,0
a22084,0
a09785,0
a09820,0
a14899,0
a03550,0
a00170,0
a11786,0
a07788,0
a29845,0
a11595,0
a03369,0
a24293,0
a09229,0
a12112,0
a13782,1
a15288,0
a05817,0
a06222,0
a09722,0
a06103,1
a07471,0
a05857,0
a31133,0
a24186,0
a30470,0
a19087,0
a31309,0
a16641,0
a24383,0
a09177,0
a03788,0
a03271,0
a27895,0
a19350,1
a12883,0
a00148,0
a15307,1
a31369,0
a29449,0
a28666,0
a29933,0
a09003,0
a07481,0
a10933,0
a09877,0
a03190,0
a11407,0
a23791,0
a10506,1
a06272,0
a23794,0
a25270,0
a23456,0
a14800,0
a13482,0
a04443,0
a13254,0
a19920,0
a02599,0
a20926,0
a03146,0
a10500,0
a31200,0
a13090,0
a11216,0
a03646,0
a24091,0
a04416,0
a27224,0
a16816,0
a24792,0
a21875,0
a13876,1
a29464,0
a20523,0
a05082,0
a17378,0
a04691,0
a16619,0
a23877,0
a15408,0
a24612,0
a02549,0
a02729,0
a12311,0
a25223,0
a09233,0
a17232,0
a24994,0
a09955,0
a05106,0
a29736,0
a16900,1
a13621,0
a08832,1
a26088,0
a11846,0
a25191,0
a13698,0
a23746,0
a06509,0
a12778,0
a19445,1
a08006,0
a07324,0
a22182,0
a00134,0
a28478,0
a08636,0
a09969,0
a19785,0
a06769,0
a27325,0
a01699,0
a20716,0
a00979,0
a24127,0
a19001,0
a29358,0
a03669,0
a06347,0
a18246,0
a06149,0
a13615,0
a24046,0
a20240,0
a26266,1
a00288,0
a28201,0
a04181,0
a22273,0
a21276,0
a04602,0
a29028,0
a28582,0
a24282,1
a29474,0
a28880,0
a19911,0
a13942,1
a28482,0
a08407,0
a30536,0
a27064,0
a07501,0
a08329,0
a10769,0
a14891,0
a18029,0
a10296,0
a08687,0
a29940,0
a10573,0
a31337,0
a08074,0
a22587,0
a22127,0
a28662,0
a26566,0
a27476,0
a28672,0
a01938,0
a08541,0
a03654,0
a20133,0
a21623,0
a29056,0
a11154,0
a28337,0
a29713,0
a03717,0
a27528,0
a18989,0
a06439,0
a21739,0
a25181,0
a19462,0
a16623,0
a25294,0
a09114,0
a11643,0
a23744,0
a10566,1
a28100,1
a08072,0
a10124,0
a00215,0
a23723,0
a00094,0
a26201,0
a03570,0
a15647,0
a17938,0
a11700,0
a15199,0
a14649,0
a01787,0
a13382,0
a04702,0
a19195,0
a29608,0
a12741,0
a08612,1
a29224,0
a07052,1
a05397,0
a00086,0
a26701,0
a20676,0
a18997,0
a20055,0
a29349,0
a15929,0
a10471,0
a17908,0
a09232,0
a22030,0
a17404,0
a06669,0
a28187,0
a26935,0
a09708,0
a09566,0
a00872,0
a29161,0
a24008,0
a05093,0
a03980,0
a30859,0
a03683,0
a16523,0
a16054,0
a08538,0
a18679,0
a12406,0
a04271,0
a16209,0
a09757,0
a20459,0
a17396,0
a09260,0
a23455,0
a13071,0
a08335,0
a04284,0
a22328,0
a11241,0
a15893,0
a24458,0
a21327,0
a16024,0
a26614,0
a13378,0
a00627,0
a00729,0
a20517,0
a01111,0
a03241,0
a04515,0
a25156,1
a31117,0
a17174,0
a24027,0
a26020,0
a30042,0
a27244,0
a06130,0
a23925,0
a01574,1
a02330,0
a19957,0
a20222,0
a25362,0
a25722,0
a06042,0
a15565,0
a01253,0
a23756,0
a18499,0
a16158,0
a02195,0
a21078,0
a24136,0
a01054,0
a30380,0
a13796,1
a12426,0
a23443,0
a01152,0
a13450,0
a25936,0
a09740,0
a17088,0
a26972,0
a09103,0
a22692,1
a12346,0
a20910,0
a10596,0
a09337,0
a13161,0
a20888,0
a10360,0
a26667,0
a29778,0
a15813,0
a12105,0
a27451,0
a19098,0
a22840,0
a11739,0
a01725,0
a06294,0
a09843,0
a31061,0
a24154,0
a11518,0
a30452,0
a26221,0
a04180,0
a24990,0
a27728,0
a28158,0
a30402,0
a16414,1
a01013,0
a05134,0
a18517,0
a25888,0
a21624,0
a30771,0
a19535,0
a09077,0
a05678,1
a15627,0
a21738,0
a11025,0
a05624,0
a27925,0
a12254,0
a03504,0
a28198,0
a18811,0
a20125,0
a13681,0
a28505,0
a29386,0
a23660,0
a10904,0
a14368,0
a12167,0
a28106,0
a13620,0
a27911,0
a21490,0
a05742,0
a10604,0
a27650,0
a22981,1
a16120,0
a27089,0
a08926,0
a26054,0
a12991,0
a05939,0
a15652,0
a15515,0
a07962,1
a11685,0
a26131,0
a25147,1
a12529,0
a20649,0
a29678,0
a16633,0
a00346,0
a15778,0
a02949,0
a17277,0
a30685,0
a30254,0
a11508,0
a07520,1
a13289,1
a04086,0
a22642,0
a01217,0
a21625,0
a23564,0
a21943,0
a13296,0
a19196,0
a18254,0
a00643,0
a05598,0
a11897,0
a04286,0
a26625,0
a11441,0
a01371,0
a12050,0
a16066,0
a30155,0
a14327,0
a10356,0
a16847,0
a29211,1
a16473,0
a12133,0
a12924,0
a00551,0
a13496,1
a23773,0
a03651,0
a14550,0
a07552,0
a21876,0
a12788,0
a11582,0
a31316,0
a08442,1
a19877,0
a06109,0
a09838,0
a29307,0
a04592,0
a06171,0
a20728,0
a24424,0
a04283,0
a29589,0
a28165,0
a28537,0
a11125,0
a05017,0
a26193,0
a08368,0
a11349,0
a00482,0
a17283,0
a10051,0
a04969,0
a18054,0
a00454,0
a11587,0
a10927,0
a26073,0
a05200,1
a05116,1
a27840,0
a23884,1
a22110,0
a17441,0
a20657,1
a03920,0
a27872,0
a22483,0
